date,time,lower,upper
2009-07-14,1,0.84,2.128
2009-07-14,2,0.166,0.983
2009-07-14,3,0.16,0.258
2009-07-14,4,0.295,0.316
2009-07-14,5,0.197,0.253
2009-07-14,6,0.139,0.162
2009-07-14,7,0.152,1.153
2009-07-14,8,1.461,3.103
2009-07-14,9,0.152,0.202
2009-07-14,10,0.154,0.215
2009-07-14,11,0.138,0.355
2009-07-14,12,0.166,0.42
2009-07-14,13,0.196,0.268
2009-07-14,14,0.239,0.372
2009-07-14,15,0.275,0.315
2009-07-14,16,0.158,0.203
2009-07-14,17,1.03,1.834
2009-07-14,18,0.279,0.344
2009-07-14,19,0.154,0.257
2009-07-14,20,0.218,0.219
2009-07-14,21,0.38,0.402
2009-07-14,22,0.375,2.761
2009-07-14,23,0.907,0.941
2009-07-14,24,0.959,1.479
2009-07-15,1,0.36,0.546
2009-07-15,2,0.182,0.19
2009-07-15,3,0.184,0.197
2009-07-15,4,0.18,0.328
2009-07-15,5,0.157,0.314
2009-07-15,6,0.149,0.206
2009-07-15,7,0.19,0.818
2009-07-15,8,0.943,2.918
2009-07-15,9,0.423,0.571
2009-07-15,10,0.193,0.206
2009-07-15,11,0.15,0.204
2009-07-15,12,0.148,0.342
2009-07-15,13,0.184,0.256
2009-07-15,14,0.148,0.202
2009-07-15,15,0.136,0.187
2009-07-15,16,0.229,0.308
2009-07-15,17,0.884,2.063
2009-07-15,18,0.16,0.191
2009-07-15,19,0.213,0.24
2009-07-15,20,0.164,0.338
2009-07-15,21,0.209,0.22
2009-07-15,22,0.221,0.276
2009-07-15,23,0.257,0.361
2009-07-15,24,0.717,1.296
2009-07-16,1,0.198,0.37
2009-07-16,2,0.188,0.249
2009-07-16,3,0.245,0.33
2009-07-16,4,0.23,0.308
2009-07-16,5,0.203,0.231
2009-07-16,6,0.204,0.208
2009-07-16,7,0.171,0.928
2009-07-16,8,0.313,3.15
2009-07-16,9,0.189,0.77
2009-07-16,10,0.437,2.174
2009-07-16,11,0.364,0.427
2009-07-16,12,0.151,0.373
2009-07-16,13,0.869,3.004
2009-07-16,14,0.273,0.813
2009-07-16,15,0.261,0.31
2009-07-16,16,0.319,0.839
2009-07-16,17,0.921,2.44
2009-07-16,18,0.36,0.407
2009-07-16,19,0.32,0.525
2009-07-16,20,0.61,0.62
2009-07-16,21,0.356,0.519
2009-07-16,22,0.307,0.368
2009-07-16,23,0.772,0.934
2009-07-16,24,1.005,1.43
2009-07-17,1,0.214,0.526
2009-07-17,2,0.209,0.29
2009-07-17,3,0.242,0.274
2009-07-17,4,0.172,0.18
2009-07-17,5,0.156,0.306
2009-07-17,6,0.272,0.397
2009-07-17,7,0.148,1.008
2009-07-17,8,2.971,2.988
2009-07-17,9,0.247,1.028
2009-07-17,10,0.459,0.779
2009-07-17,11,0.469,0.54
2009-07-17,12,0.298,0.434
2009-07-17,13,0.256,0.404
2009-07-17,14,0.151,0.283
2009-07-17,15,0.169,0.247
2009-07-17,16,0.257,0.373
2009-07-17,17,1.046,3.095
2009-07-17,18,0.145,2.293
2009-07-17,19,0.262,0.284
2009-07-17,20,0.211,0.272
2009-07-17,21,0.158,0.262
2009-07-17,22,0.312,1.806
2009-07-17,23,0.477,0.545
2009-07-17,24,0.376,0.932
2009-07-18,1,0.333,0.982
2009-07-18,2,0.283,0.451
2009-07-18,3,0.134,0.238
2009-07-18,4,0.182,0.2
2009-07-18,5,0.205,0.316
2009-07-18,6,0.151,0.343
2009-07-18,7,0.166,0.984
2009-07-18,8,1.008,3.011
2009-07-18,9,0.25,0.379
2009-07-18,10,0.443,0.706
2009-07-18,11,0.189,0.24
2009-07-18,12,0.192,0.328
2009-07-18,13,0.721,1.747
2009-07-18,14,0.406,1.568
2009-07-18,15,0.265,0.587
2009-07-18,16,0.322,0.727
2009-07-18,17,1.142,2.861
2009-07-18,18,0.164,0.971
2009-07-18,19,0.308,0.522
2009-07-18,20,0.409,2.868
2009-07-18,21,0.282,1.84
2009-07-18,22,0.526,1.111
2009-07-18,23,0.936,3.122
2009-07-18,24,0.962,1.17
2009-07-19,1,0.988,1.476
2009-07-19,2,0.236,0.305
2009-07-19,3,0.191,0.239
2009-07-19,4,0.28,0.339
2009-07-19,5,0.194,0.26
2009-07-19,6,0.171,0.172
2009-07-19,7,0.194,0.934
2009-07-19,8,1.781,3.088
2009-07-19,9,0.153,0.218
2009-07-19,10,0.167,0.287
2009-07-19,11,0.158,0.942
2009-07-19,12,0.149,0.389
2009-07-19,13,0.158,0.176
2009-07-19,14,0.242,0.289
2009-07-19,15,0.367,0.889
2009-07-19,16,0.331,0.643
2009-07-19,17,0.98,3.441
2009-07-19,18,0.71,3.041
2009-07-19,19,0.47,0.896
2009-07-19,20,2.041,3.394
2009-07-19,21,0.614,1.441
2009-07-19,22,0.85,1.406
2009-07-19,23,0.425,1.047
2009-07-19,24,0.309,0.349
2009-07-20,1,0.293,0.309
2009-07-20,2,0.249,0.329
2009-07-20,3,0.232,0.325
2009-07-20,4,0.173,0.174
2009-07-20,5,0.187,0.362
2009-07-20,6,0.251,0.318
2009-07-20,7,0.148,1.009
2009-07-20,8,2.908,3.034
2009-07-20,9,0.751,2.377
2009-07-20,10,0.255,0.508
2009-07-20,11,0.155,0.167
2009-07-20,12,0.184,0.262
2009-07-20,13,0.176,0.246
2009-07-20,14,0.292,0.295
2009-07-20,15,0.162,0.21
2009-07-20,16,0.172,0.208
2009-07-20,17,1.117,2.758
2009-07-20,18,0.182,0.296
2009-07-20,19,0.222,0.245
2009-07-20,20,0.285,0.317
2009-07-20,21,0.342,0.351
2009-07-20,22,0.171,0.222
2009-07-20,23,0.184,1.786
2009-07-20,24,1.368,2.174
2009-07-21,1,0.395,0.511
2009-07-21,2,0.16,0.275
2009-07-21,3,0.161,0.192
2009-07-21,4,0.239,0.267
2009-07-21,5,0.259,0.303
2009-07-21,6,0.214,0.241
2009-07-21,7,0.174,0.921
2009-07-21,8,0.478,2.701
2009-07-21,9,0.246,0.312
2009-07-21,10,0.17,0.219
2009-07-21,11,0.183,0.213
2009-07-21,12,0.194,0.224
2009-07-21,13,0.312,0.377
2009-07-21,14,0.171,0.179
2009-07-21,15,0.21,0.267
2009-07-21,16,0.16,0.268
2009-07-21,17,1.072,2.032
2009-07-21,18,0.156,0.161
2009-07-21,19,0.211,0.266
2009-07-21,20,0.317,0.79
2009-07-21,21,0.289,1.109
2009-07-21,22,0.718,2.102
2009-07-21,23,0.798,0.846
2009-07-21,24,0.785,1.377
2009-07-22,1,0.246,0.336
2009-07-22,2,0.192,0.401
2009-07-22,3,0.155,0.156
2009-07-22,4,0.213,0.216
2009-07-22,5,0.263,0.281
2009-07-22,6,0.2,0.242
2009-07-22,7,0.191,0.773
2009-07-22,8,2.958,2.974
2009-07-22,9,0.649,2.234
2009-07-22,10,0.288,0.57
2009-07-22,11,0.18,0.24
2009-07-22,12,0.139,0.243
2009-07-22,13,0.279,0.322
2009-07-22,14,0.149,0.15
2009-07-22,15,0.138,0.241
2009-07-22,16,0.191,0.283
2009-07-22,17,0.917,2.045
2009-07-22,18,0.148,0.228
2009-07-22,19,0.131,0.235
2009-07-22,20,0.326,0.86
2009-07-22,21,0.224,0.281
2009-07-22,22,0.37,0.889
2009-07-22,23,0.825,0.935
2009-07-22,24,1.329,1.934
2009-07-23,1,0.243,0.397
2009-07-23,2,0.346,0.36
2009-07-23,3,0.155,0.266
2009-07-23,4,0.16,0.193
2009-07-23,5,0.252,0.271
2009-07-23,6,0.254,0.278
2009-07-23,7,0.257,0.924
2009-07-23,8,0.172,2.693
2009-07-23,9,0.18,0.646
2009-07-23,10,0.296,1.043
2009-07-23,11,0.15,0.245
2009-07-23,12,0.148,0.228
2009-07-23,13,0.187,0.329
2009-07-23,14,0.441,0.526
2009-07-23,15,0.153,0.278
2009-07-23,16,0.204,0.341
2009-07-23,17,1.089,3.307
2009-07-23,18,0.441,0.502
2009-07-23,19,0.216,0.233
2009-07-23,20,0.697,2.53
2009-07-23,21,0.109,0.288
2009-07-23,22,0.149,0.189
2009-07-23,23,0.318,1.201
2009-07-23,24,0.873,1.671
2009-07-24,1,0.596,0.701
2009-07-24,2,0.33,0.618
2009-07-24,3,0.221,0.343
2009-07-24,4,0.157,0.251
2009-07-24,5,0.151,0.186
2009-07-24,6,0.156,0.242
2009-07-24,7,0.243,1.149
2009-07-24,8,1.33,3.133
2009-07-24,9,0.492,0.67
2009-07-24,10,0.299,0.474
2009-07-24,11,0.364,0.425
2009-07-24,12,0.218,1.286
2009-07-24,13,0.281,0.415
2009-07-24,14,1.011,3.445
2009-07-24,15,0.226,0.314
2009-07-24,16,0.171,0.173
2009-07-24,17,1.042,3.218
2009-07-24,18,0.309,2.18
2009-07-24,19,0.259,0.27
2009-07-24,20,0.198,0.289
2009-07-24,21,0.182,0.234
2009-07-24,22,0.208,0.266
2009-07-24,23,0.255,1.748
2009-07-24,24,0.728,1.907
2009-07-25,1,0.724,1.106
2009-07-25,2,0.272,0.422
2009-07-25,3,0.147,0.157
2009-07-25,4,0.156,0.207
2009-07-25,5,0.246,0.367
2009-07-25,6,0.154,0.183
2009-07-25,7,0.256,0.823
2009-07-25,8,2.417,2.968
2009-07-25,9,0.241,0.269
2009-07-25,10,0.269,0.552
2009-07-25,11,0.475,0.671
2009-07-25,12,0.162,0.627
2009-07-25,13,0.157,0.171
2009-07-25,14,0.233,0.267
2009-07-25,15,0.395,0.768
2009-07-25,16,0.257,0.295
2009-07-25,17,0.838,3.157
2009-07-25,18,0.414,0.469
2009-07-25,19,0.186,0.267
2009-07-25,20,0.324,0.466
2009-07-25,21,0.429,1.308
2009-07-25,22,1.735,2.589
2009-07-25,23,0.534,1.218
2009-07-25,24,0.87,1.354
2009-07-26,1,1.262,1.267
2009-07-26,2,0.177,0.314
2009-07-26,3,0.205,0.425
2009-07-26,4,0.334,0.569
2009-07-26,5,0.434,0.614
2009-07-26,6,0.187,0.198
2009-07-26,7,0.29,0.963
2009-07-26,8,0.424,2.975
2009-07-26,9,0.138,0.184
2009-07-26,10,0.193,0.278
2009-07-26,11,0.156,0.244
2009-07-26,12,0.139,0.181
2009-07-26,13,0.138,0.214
2009-07-26,14,0.267,0.276
2009-07-26,15,0.514,1.071
2009-07-26,16,0.825,0.83
2009-07-26,17,1.596,3.511
2009-07-26,18,0.475,1.556
2009-07-26,19,0.347,0.545
2009-07-26,20,0.441,0.469
2009-07-26,21,2.789,3.435
2009-07-26,22,2.062,3.038
2009-07-26,23,0.688,0.698
2009-07-26,24,0.565,0.767
2009-07-27,1,0.592,0.64
2009-07-27,2,0.184,0.672
2009-07-27,3,0.194,0.39
2009-07-27,4,0.204,0.222
2009-07-27,5,0.135,0.164
2009-07-27,6,0.174,0.186
2009-07-27,7,0.297,1.093
2009-07-27,8,2.862,2.987
2009-07-27,9,0.132,1.965
2009-07-27,10,0.17,0.221
2009-07-27,11,0.156,0.309
2009-07-27,12,0.13,0.161
2009-07-27,13,0.224,1.381
2009-07-27,14,0.308,1.062
2009-07-27,15,0.319,0.573
2009-07-27,16,1.779,1.922
2009-07-27,17,1.675,2.01
2009-07-27,18,1.127,1.145
2009-07-27,19,0.325,1.456
2009-07-27,20,0.248,0.545
2009-07-27,21,0.205,0.308
2009-07-27,22,1.042,1.651
2009-07-27,23,0.899,0.988
2009-07-27,24,0.881,1.258
2009-07-28,1,0.508,1.179
2009-07-28,2,0.343,0.353
2009-07-28,3,0.265,0.276
2009-07-28,4,0.187,0.301
2009-07-28,5,0.154,0.189
2009-07-28,6,0.136,0.152
2009-07-28,7,0.113,0.845
2009-07-28,8,0.964,3.012
2009-07-28,9,0.141,0.143
2009-07-28,10,0.125,0.13
2009-07-28,11,0.155,0.249
2009-07-28,12,0.113,0.271
2009-07-28,13,0.211,0.263
2009-07-28,14,0.542,0.559
2009-07-28,15,0.114,0.45
2009-07-28,16,0.153,0.159
2009-07-28,17,0.153,0.268
2009-07-28,18,0.12,0.147
2009-07-28,19,0.127,0.161
2009-07-28,20,0.221,0.253
2009-07-28,21,0.115,0.163
2009-07-28,22,0.105,0.227
2009-07-28,23,0.224,0.31
2009-07-28,24,0.202,0.216
2009-07-29,1,0.125,0.2
2009-07-29,2,0.146,0.178
2009-07-29,3,0.235,0.241
2009-07-29,4,0.1,0.155
2009-07-29,5,0.112,0.148
2009-07-29,6,0.102,0.295
2009-07-29,7,0.151,0.196
2009-07-29,8,0.112,0.147
2009-07-29,9,0.103,0.159
2009-07-29,10,0.18,0.286
2009-07-29,11,0.13,0.147
2009-07-29,12,0.108,0.162
2009-07-29,13,0.101,0.211
2009-07-29,14,0.261,0.803
2009-07-29,15,0.436,0.464
2009-07-29,16,0.165,0.212
2009-07-29,17,0.238,0.256
2009-07-29,18,0.099,0.169
2009-07-29,19,0.119,0.152
2009-07-29,20,0.158,0.24
2009-07-29,21,0.132,0.252
2009-07-29,22,0.145,0.153
2009-07-29,23,0.236,0.282
2009-07-29,24,0.269,0.284
2009-07-30,1,0.151,0.178
2009-07-30,2,0.147,0.165
2009-07-30,3,0.129,0.287
2009-07-30,4,0.152,0.174
2009-07-30,5,0.094,0.16
2009-07-30,6,0.105,0.164
2009-07-30,7,0.22,0.243
2009-07-30,8,0.09,0.157
2009-07-30,9,0.107,0.141
2009-07-30,10,0.127,0.294
2009-07-30,11,0.158,0.159
2009-07-30,12,0.124,0.125
2009-07-30,13,0.14,0.156
2009-07-30,14,0.192,0.261
2009-07-30,15,0.097,0.159
2009-07-30,16,0.111,0.15
2009-07-30,17,0.23,0.232
2009-07-30,18,0.144,0.177
2009-07-30,19,0.121,0.146
2009-07-30,20,0.122,0.299
2009-07-30,21,0.158,0.171
2009-07-30,22,0.151,0.188
2009-07-30,23,0.211,0.262
2009-07-30,24,0.142,0.325
2009-07-31,1,0.196,0.198
2009-07-31,2,0.146,0.165
2009-07-31,3,0.244,0.261
2009-07-31,4,0.097,0.16
2009-07-31,5,0.113,0.169
2009-07-31,6,0.31,0.348
2009-07-31,7,0.123,0.173
2009-07-31,8,0.087,0.158
2009-07-31,9,0.157,0.18
2009-07-31,10,0.132,0.264
2009-07-31,11,0.122,0.148
2009-07-31,12,0.118,0.155
2009-07-31,13,0.195,0.262
2009-07-31,14,0.109,0.147
2009-07-31,15,0.099,0.147
2009-07-31,16,0.457,0.544
2009-07-31,17,0.109,0.262
2009-07-31,18,0.11,0.131
2009-07-31,19,0.193,0.211
2009-07-31,20,0.147,0.242
2009-07-31,21,0.092,0.156
2009-07-31,22,0.125,0.196
2009-07-31,23,0.26,0.315
2009-07-31,24,0.129,0.191
2009-08-01,1,0.154,0.172
2009-08-01,2,0.18,0.194
2009-08-01,3,0.127,0.271
2009-08-01,4,0.096,0.188
2009-08-01,5,0.11,0.148
2009-08-01,6,0.187,0.24
2009-08-01,7,0.115,0.194
2009-08-01,8,0.128,0.142
2009-08-01,9,0.101,0.161
2009-08-01,10,0.214,0.245
2009-08-01,11,0.111,0.158
2009-08-01,12,0.086,0.158
2009-08-01,13,0.11,0.246
2009-08-01,14,0.159,0.227
2009-08-01,15,0.087,0.159
2009-08-01,16,0.12,0.134
2009-08-01,17,0.239,0.254
2009-08-01,18,0.099,0.15
2009-08-01,19,0.11,0.163
2009-08-01,20,0.186,0.239
2009-08-01,21,0.101,0.205
2009-08-01,22,0.164,0.164
2009-08-01,23,0.202,0.227
2009-08-01,24,0.148,0.314
2009-08-02,1,0.148,0.175
2009-08-02,2,0.106,0.194
2009-08-02,3,0.192,0.291
2009-08-02,4,0.118,0.142
2009-08-02,5,0.105,0.15
2009-08-02,6,0.167,0.26
2009-08-02,7,0.115,0.197
2009-08-02,8,0.108,0.146
2009-08-02,9,0.121,0.14
2009-08-02,10,0.183,0.282
2009-08-02,11,0.109,0.154
2009-08-02,12,0.117,0.137
2009-08-02,13,0.144,0.238
2009-08-02,14,0.116,0.228
2009-08-02,15,0.126,0.127
2009-08-02,16,0.124,0.144
2009-08-02,17,0.196,0.271
2009-08-02,18,0.138,0.244
2009-08-02,19,0.121,0.149
2009-08-02,20,0.171,0.283
2009-08-02,21,0.132,0.139
2009-08-02,22,0.128,0.176
2009-08-02,23,0.125,0.261
2009-08-02,24,0.203,0.278
2009-08-03,1,0.151,0.199
2009-08-03,2,0.121,0.159
2009-08-03,3,0.168,0.272
2009-08-03,4,0.142,0.159
2009-08-03,5,0.095,0.154
2009-08-03,6,0.112,0.164
2009-08-03,7,0.224,0.243
2009-08-03,8,0.088,0.16
2009-08-03,9,0.11,0.137
2009-08-03,10,0.111,0.29
2009-08-03,11,0.159,0.176
2009-08-03,12,0.109,0.135
2009-08-03,13,0.109,0.158
2009-08-03,14,0.203,0.26
2009-08-03,15,0.108,0.137
2009-08-03,16,0.111,0.15
2009-08-03,17,0.11,0.242
2009-08-03,18,0.13,0.232
2009-08-03,19,0.113,0.137
2009-08-03,20,0.115,0.126
2009-08-03,21,0.233,0.25
2009-08-03,22,0.144,0.17
2009-08-03,23,0.165,0.187
2009-08-03,24,0.191,0.256
2009-08-04,1,0.152,0.289
2009-08-04,2,0.09,0.191
2009-08-04,3,0.142,0.158
2009-08-04,4,0.21,0.237
2009-08-04,5,0.088,0.179
2009-08-04,6,0.11,0.158
2009-08-04,7,0.137,0.156
2009-08-04,8,0.13,0.286
2009-08-04,9,0.107,0.154
2009-08-04,10,0.11,0.136
2009-08-04,11,0.171,0.222
2009-08-04,12,0.111,0.236
2009-08-04,13,0.108,0.14
2009-08-04,14,0.102,0.158
2009-08-04,15,0.195,0.288
2009-08-04,16,0.09,0.162
2009-08-04,17,0.112,0.164
2009-08-04,18,0.196,0.235
2009-08-04,19,0.129,0.201
2009-08-04,20,0.118,0.142
2009-08-04,21,0.131,0.237
2009-08-04,22,0.179,0.249
2009-08-04,23,0.15,0.178
2009-08-04,24,0.182,0.196
2009-08-05,1,0.266,0.267
2009-08-05,2,0.142,0.152
2009-08-05,3,0.095,0.159
2009-08-05,4,0.156,0.267
2009-08-05,5,0.156,0.159
2009-08-05,6,0.098,0.149
2009-08-05,7,0.126,0.18
2009-08-05,8,0.16,0.258
2009-08-05,9,0.117,0.13
2009-08-05,10,0.101,0.148
2009-08-05,11,0.24,0.25
2009-08-05,12,0.102,0.15
2009-08-05,13,0.109,0.164
2009-08-05,14,0.14,0.242
2009-08-05,15,0.097,0.246
2009-08-05,16,0.121,0.15
2009-08-05,17,0.152,0.222
2009-08-05,18,0.16,0.239
2009-08-05,19,0.113,0.145
2009-08-05,20,0.109,0.248
2009-08-05,21,0.143,0.242
2009-08-05,22,0.131,0.174
2009-08-05,23,0.167,0.218
2009-08-05,24,0.185,0.31
2009-08-06,1,0.139,0.181
2009-08-06,2,0.142,0.19
2009-08-06,3,0.16,0.269
2009-08-06,4,0.09,0.159
2009-08-06,5,0.123,0.159
2009-08-06,6,0.226,0.256
2009-08-06,7,0.135,0.141
2009-08-06,8,0.107,0.151
2009-08-06,9,0.144,0.271
2009-08-06,10,0.158,0.173
2009-08-06,11,0.087,0.16
2009-08-06,12,0.109,0.225
2009-08-06,13,0.183,0.22
2009-08-06,14,0.113,0.139
2009-08-06,15,0.111,0.16
2009-08-06,16,0.227,0.241
2009-08-06,17,0.134,0.139
2009-08-06,18,0.11,0.138
2009-08-06,19,0.231,0.239
2009-08-06,20,0.112,0.159
2009-08-06,21,0.103,0.158
2009-08-06,22,0.175,0.263
2009-08-06,23,0.168,0.26
2009-08-06,24,0.176,0.187
2009-08-07,1,0.164,0.269
2009-08-07,2,0.146,0.27
2009-08-07,3,0.103,0.153
2009-08-07,4,0.119,0.173
2009-08-07,5,0.208,0.243
2009-08-07,6,0.089,0.158
2009-08-07,7,0.111,0.141
2009-08-07,8,0.181,0.281
2009-08-07,9,0.098,0.158
2009-08-07,10,0.11,0.131
2009-08-07,11,0.109,0.258
2009-08-07,12,0.157,0.202
2009-08-07,13,0.112,0.15
2009-08-07,14,0.1,0.174
2009-08-07,15,0.208,0.246
2009-08-07,16,0.123,0.151
2009-08-07,17,0.123,0.127
2009-08-07,18,0.224,0.248
2009-08-07,19,0.113,0.164
2009-08-07,20,0.1,0.165
2009-08-07,21,0.15,0.235
2009-08-07,22,0.107,0.27
2009-08-07,23,0.149,0.198
2009-08-07,24,0.177,0.211
2009-08-08,1,0.191,0.319
2009-08-08,2,0.143,0.194
2009-08-08,3,0.125,0.138
2009-08-08,4,0.24,0.261
2009-08-08,5,0.09,0.163
2009-08-08,6,0.113,0.147
2009-08-08,7,0.127,0.297
2009-08-08,8,0.142,0.164
2009-08-08,9,0.108,0.158
2009-08-08,10,0.086,0.226
2009-08-08,11,0.16,0.239
2009-08-08,12,0.117,0.155
2009-08-08,13,0.105,0.143
2009-08-08,14,0.226,0.254
2009-08-08,15,0.13,0.133
2009-08-08,16,0.097,0.173
2009-08-08,17,0.234,0.236
2009-08-08,18,0.091,0.186
2009-08-08,19,0.126,0.157
2009-08-08,20,0.21,0.235
2009-08-08,21,0.134,0.191
2009-08-08,22,0.15,0.159
2009-08-08,23,0.173,0.337
2009-08-08,24,0.183,0.225
2009-08-09,1,0.155,0.204
2009-08-09,2,0.187,0.253
2009-08-09,3,0.165,0.224
2009-08-09,4,0.1,0.149
2009-08-09,5,0.131,0.213
2009-08-09,6,0.159,0.244
2009-08-09,7,0.115,0.149
2009-08-09,8,0.122,0.146
2009-08-09,9,0.168,0.295
2009-08-09,10,0.112,0.162
2009-08-09,11,0.105,0.147
2009-08-09,12,0.23,0.238
2009-08-09,13,0.112,0.161
2009-08-09,14,0.107,0.163
2009-08-09,15,0.153,0.271
2009-08-09,16,0.125,0.202
2009-08-09,17,0.129,0.16
2009-08-09,18,0.114,0.258
2009-08-09,19,0.163,0.214
2009-08-09,20,0.092,0.157
2009-08-09,21,0.109,0.215
2009-08-09,22,0.205,0.236
2009-08-09,23,0.149,0.175
2009-08-09,24,0.151,0.199
2009-08-10,1,0.271,0.275
2009-08-10,2,0.153,0.156
2009-08-10,3,0.113,0.148
2009-08-10,4,0.193,0.249
2009-08-10,5,0.134,0.184
2009-08-10,6,0.114,0.138
2009-08-10,7,0.16,0.193
2009-08-10,8,0.113,0.272
2009-08-10,9,0.086,0.157
2009-08-10,10,0.11,0.158
2009-08-10,11,0.188,0.271
2009-08-10,12,0.103,0.159
2009-08-10,13,0.125,0.141
2009-08-10,14,0.225,0.236
2009-08-10,15,0.144,0.151
2009-08-10,16,0.12,0.142
2009-08-10,17,0.14,0.295
2009-08-10,18,0.156,0.16
2009-08-10,19,0.11,0.153
2009-08-10,20,0.092,0.256
2009-08-10,21,0.134,0.236
2009-08-10,22,0.138,0.168
2009-08-10,23,0.162,0.185
2009-08-10,24,0.224,0.316
2009-08-11,1,0.158,0.169
2009-08-11,2,0.099,0.194
2009-08-11,3,0.233,0.248
2009-08-11,4,0.134,0.163
2009-08-11,5,0.113,0.162
2009-08-11,6,0.161,0.245
2009-08-11,7,0.108,0.223
2009-08-11,8,0.13,0.137
2009-08-11,9,0.141,0.186
2009-08-11,10,0.161,0.255
2009-08-11,11,0.096,0.156
2009-08-11,12,0.115,0.163
2009-08-11,13,0.235,0.237
2009-08-11,14,0.112,0.142
2009-08-11,15,0.107,0.167
2009-08-11,16,0.231,0.262
2009-08-11,17,0.103,0.175
2009-08-11,18,0.124,0.153
2009-08-11,19,0.216,0.256
2009-08-11,20,0.113,0.165
2009-08-11,21,0.093,0.162
2009-08-11,22,0.257,0.309
2009-08-11,23,0.172,0.199
2009-08-11,24,0.16,0.189
2009-08-12,1,0.291,0.323
2009-08-12,2,0.129,0.16
2009-08-12,3,0.114,0.164
2009-08-12,4,0.231,0.249
2009-08-12,5,0.139,0.14
2009-08-12,6,0.115,0.139
2009-08-12,7,0.237,0.262
2009-08-12,8,0.101,0.152
2009-08-12,9,0.111,0.162
2009-08-12,10,0.221,0.235
2009-08-12,11,0.138,0.175
2009-08-12,12,0.13,0.131
2009-08-12,13,0.176,0.293
2009-08-12,14,0.144,0.154
2009-08-12,15,0.11,0.161
2009-08-12,16,0.134,0.274
2009-08-12,17,0.153,0.183
2009-08-12,18,0.113,0.136
2009-08-12,19,0.177,0.253
2009-08-12,20,0.089,0.223
2009-08-12,21,0.111,0.159
2009-08-12,22,0.193,0.257
2009-08-12,23,0.187,0.249
2009-08-12,24,0.164,0.176
2009-08-13,1,0.157,0.333
2009-08-13,2,0.141,0.222
2009-08-13,3,0.113,0.165
2009-08-13,4,0.108,0.261
2009-08-13,5,0.159,0.222
2009-08-13,6,0.114,0.135
2009-08-13,7,0.15,0.209
2009-08-13,8,0.119,0.266
2009-08-13,9,0.101,0.161
2009-08-13,10,0.147,0.152
2009-08-13,11,0.131,0.292
2009-08-13,12,0.112,0.162
2009-08-13,13,0.11,0.155
2009-08-13,14,0.224,0.292
2009-08-13,15,0.121,0.148
2009-08-13,16,0.121,0.164
2009-08-13,17,0.192,0.28
2009-08-13,18,0.113,0.164
2009-08-13,19,0.089,0.165
2009-08-13,20,0.192,0.288
2009-08-13,21,0.124,0.153
2009-08-13,22,0.158,0.174
2009-08-13,23,0.245,0.293
2009-08-13,24,0.129,0.253
2009-08-14,1,0.152,0.201
2009-08-14,2,0.197,0.223
2009-08-14,3,0.113,0.253
2009-08-14,4,0.115,0.146
2009-08-14,5,0.158,0.221
2009-08-14,6,0.148,0.251
2009-08-14,7,0.131,0.137
2009-08-14,8,0.113,0.204
2009-08-14,9,0.192,0.239
2009-08-14,10,0.111,0.158
2009-08-14,11,0.087,0.16
2009-08-14,12,0.226,0.26
2009-08-14,13,0.096,0.164
2009-08-14,14,0.112,0.141
2009-08-14,15,0.18,0.281
2009-08-14,16,0.115,0.168
2009-08-14,17,0.127,0.153
2009-08-14,18,0.169,0.236
2009-08-14,19,0.113,0.242
2009-08-14,20,0.104,0.151
2009-08-14,21,0.166,0.206
2009-08-14,22,0.144,0.283
2009-08-14,23,0.152,0.202
2009-08-14,24,0.181,0.189
2009-08-15,1,0.215,0.318
2009-08-15,2,0.144,0.165
2009-08-15,3,0.13,0.134
2009-08-15,4,0.22,0.283
2009-08-15,5,0.095,0.158
2009-08-15,6,0.112,0.157
2009-08-15,7,0.135,0.292
2009-08-15,8,0.142,0.161
2009-08-15,9,0.111,0.162
2009-08-15,10,0.116,0.246
2009-08-15,11,0.152,0.249
2009-08-15,12,0.108,0.142
2009-08-15,13,0.156,0.158
2009-08-15,14,0.17,0.278
2009-08-15,15,0.106,0.167
2009-08-15,16,0.126,0.152
2009-08-15,17,0.186,0.298
2009-08-15,18,0.115,0.143
2009-08-15,19,0.131,0.155
2009-08-15,20,0.236,0.253
2009-08-15,21,0.133,0.16
2009-08-15,22,0.461,2.836
2009-08-15,23,0.611,2.772
2009-08-15,24,0.466,0.677
2009-08-16,1,0.814,0.873
2009-08-16,2,0.294,1.198
2009-08-16,3,0.176,0.184
2009-08-16,4,0.279,0.296
2009-08-16,5,0.15,0.265
2009-08-16,6,0.145,0.223
2009-08-16,7,0.191,0.971
2009-08-16,8,2.982,3.085
2009-08-16,9,0.313,1.46
2009-08-16,10,0.228,0.429
2009-08-16,11,0.337,0.626
2009-08-16,12,0.16,0.194
2009-08-16,13,0.441,0.497
2009-08-16,14,0.206,0.339
2009-08-16,15,0.153,0.23
2009-08-16,16,0.209,0.275
2009-08-16,17,0.978,2.996
2009-08-16,18,0.25,2.129
2009-08-16,19,1.734,1.843
2009-08-16,20,1.39,1.495
2009-08-16,21,0.449,0.731
2009-08-16,22,0.729,0.882
2009-08-16,23,0.82,1.028
2009-08-16,24,0.845,1.121
2009-08-17,1,0.227,0.882
2009-08-17,2,0.122,0.153
2009-08-17,3,0.269,0.326
2009-08-17,4,0.143,0.208
2009-08-17,5,0.169,0.245
2009-08-17,6,0.15,0.21
2009-08-17,7,0.268,0.915
2009-08-17,8,2.317,2.943
2009-08-17,9,0.147,0.594
2009-08-17,10,0.265,0.393
2009-08-17,11,0.197,0.22
2009-08-17,12,0.142,0.212
2009-08-17,13,0.132,0.264
2009-08-17,14,0.239,0.358
2009-08-17,15,0.135,0.201
2009-08-17,16,0.149,0.242
2009-08-17,17,0.89,2.19
2009-08-17,18,0.178,0.373
2009-08-17,19,0.127,0.334
2009-08-17,20,1.648,2.102
2009-08-17,21,0.535,0.683
2009-08-17,22,0.763,1.333
2009-08-17,23,1.351,1.536
2009-08-17,24,0.929,1.355
2009-08-18,1,0.286,0.356
2009-08-18,2,0.121,0.278
2009-08-18,3,0.114,0.164
2009-08-18,4,0.233,0.318
2009-08-18,5,0.2,0.272
2009-08-18,6,0.164,0.244
2009-08-18,7,0.151,0.914
2009-08-18,8,0.81,3.05
2009-08-18,9,0.144,0.272
2009-08-18,10,0.195,1.101
2009-08-18,11,0.543,1.604
2009-08-18,12,1.33,1.82
2009-08-18,13,0.154,0.208
2009-08-18,14,0.154,0.252
2009-08-18,15,0.164,0.191
2009-08-18,16,0.273,0.374
2009-08-18,17,1.039,1.727
2009-08-18,18,0.129,0.246
2009-08-18,19,0.188,0.207
2009-08-18,20,0.261,0.324
2009-08-18,21,0.182,0.23
2009-08-18,22,0.719,1.711
2009-08-18,23,1.417,1.604
2009-08-18,24,0.246,0.498
2009-08-19,1,0.247,0.271
2009-08-19,2,0.218,0.271
2009-08-19,3,0.131,0.231
2009-08-19,4,0.127,0.133
2009-08-19,5,0.271,0.336
2009-08-19,6,0.133,0.211
2009-08-19,7,0.206,0.922
2009-08-19,8,0.674,2.991
2009-08-19,9,0.298,0.594
2009-08-19,10,0.128,0.564
2009-08-19,11,0.132,0.224
2009-08-19,12,0.13,0.256
2009-08-19,13,0.251,0.253
2009-08-19,14,0.122,0.148
2009-08-19,15,0.123,0.232
2009-08-19,16,0.206,0.254
2009-08-19,17,0.931,2.07
2009-08-19,18,0.19,0.307
2009-08-19,19,0.263,0.268
2009-08-19,20,0.337,0.588
2009-08-19,21,0.521,0.696
2009-08-19,22,0.65,0.692
2009-08-19,23,0.806,1.051
2009-08-19,24,0.389,1.259
2009-08-20,1,0.357,0.402
2009-08-20,2,0.237,0.348
2009-08-20,3,0.189,0.36
2009-08-20,4,0.214,0.336
2009-08-20,5,0.153,0.274
2009-08-20,6,0.182,0.239
2009-08-20,7,0.145,0.732
2009-08-20,8,0.384,2.794
2009-08-20,9,0.145,0.273
2009-08-20,10,0.424,0.556
2009-08-20,11,0.437,0.493
2009-08-20,12,0.666,1.36
2009-08-20,13,0.552,0.621
2009-08-20,14,0.176,0.294
2009-08-20,15,0.297,0.303
2009-08-20,16,0.158,0.214
2009-08-20,17,0.958,2.138
2009-08-20,18,0.11,0.423
2009-08-20,19,0.423,1.713
2009-08-20,20,0.4,0.936
2009-08-20,21,1.484,1.886
2009-08-20,22,0.956,1.075
2009-08-20,23,1.133,1.387
2009-08-20,24,0.269,0.538
2009-08-21,1,0.162,0.286
2009-08-21,2,0.17,0.28
2009-08-21,3,0.167,0.355
2009-08-21,4,0.146,0.147
2009-08-21,5,0.201,0.203
2009-08-21,6,0.239,0.248
2009-08-21,7,0.196,1.041
2009-08-21,8,2.322,3.173
2009-08-21,9,0.227,0.403
2009-08-21,10,0.24,0.328
2009-08-21,11,0.778,1.066
2009-08-21,12,0.877,1.086
2009-08-21,13,0.624,0.672
2009-08-21,14,0.284,0.464
2009-08-21,15,0.136,0.148
2009-08-21,16,0.18,0.227
2009-08-21,17,1.005,3.05
2009-08-21,18,0.231,0.636
2009-08-21,19,0.146,0.146
2009-08-21,20,0.145,0.234
2009-08-21,21,0.309,0.321
2009-08-21,22,0.199,0.219
2009-08-21,23,0.183,0.255
2009-08-21,24,0.212,0.242
2009-08-22,1,0.371,0.416
2009-08-22,2,0.144,0.182
2009-08-22,3,0.191,0.225
2009-08-22,4,0.13,0.257
2009-08-22,5,0.275,0.302
2009-08-22,6,0.147,0.152
2009-08-22,7,0.124,1.097
2009-08-22,8,0.249,2.943
2009-08-22,9,0.147,0.271
2009-08-22,10,0.168,0.227
2009-08-22,11,0.122,0.146
2009-08-22,12,0.212,0.359
2009-08-22,13,0.152,0.25
2009-08-22,14,0.19,0.219
2009-08-22,15,0.147,0.147
2009-08-22,16,0.189,0.374
2009-08-22,17,0.948,1.724
2009-08-22,18,0.13,0.224
2009-08-22,19,0.136,0.199
2009-08-22,20,0.281,0.295
2009-08-22,21,0.176,0.245
2009-08-22,22,0.182,0.184
2009-08-22,23,0.266,0.319
2009-08-22,24,0.199,0.309
2009-08-23,1,0.248,1.092
2009-08-23,2,0.295,0.41
2009-08-23,3,0.236,0.311
2009-08-23,4,0.138,0.145
2009-08-23,5,0.165,0.317
2009-08-23,6,0.182,0.285
2009-08-23,7,0.146,0.853
2009-08-23,8,0.124,2.535
2009-08-23,9,0.175,0.304
2009-08-23,10,0.127,0.325
2009-08-23,11,0.122,0.285
2009-08-23,12,0.198,1.025
2009-08-23,13,0.313,0.349
2009-08-23,14,0.38,1.221
2009-08-23,15,0.224,2.157
2009-08-23,16,0.673,1.952
2009-08-23,17,1.508,2.03
2009-08-23,18,0.205,0.245
2009-08-23,19,0.344,1.664
2009-08-23,20,0.977,2.217
2009-08-23,21,0.665,2.434
2009-08-23,22,0.854,0.998
2009-08-23,23,0.788,0.961
2009-08-23,24,0.343,1.271
2009-08-24,1,0.194,0.268
2009-08-24,2,0.313,0.324
2009-08-24,3,0.165,0.267
2009-08-24,4,0.153,0.165
2009-08-24,5,0.241,0.279
2009-08-24,6,0.218,0.277
2009-08-24,7,0.192,0.988
2009-08-24,8,2.883,2.92
2009-08-24,9,0.692,2.37
2009-08-24,10,0.189,0.523
2009-08-24,11,0.134,0.189
2009-08-24,12,0.143,0.24
2009-08-24,13,0.197,0.305
2009-08-24,14,0.152,0.344
2009-08-24,15,0.158,0.16
2009-08-24,16,0.176,0.249
2009-08-24,17,1.115,2.156
2009-08-24,18,0.235,0.25
2009-08-24,19,0.172,0.182
2009-08-24,20,0.836,3.08
2009-08-24,21,0.643,0.774
2009-08-24,22,1.055,1.079
2009-08-24,23,1.004,1.402
2009-08-24,24,0.407,0.944
2009-08-25,1,0.198,0.234
2009-08-25,2,0.155,0.228
2009-08-25,3,0.271,0.453
2009-08-25,4,0.202,0.28
2009-08-25,5,0.158,0.242
2009-08-25,6,0.148,0.159
2009-08-25,7,0.224,1.205
2009-08-25,8,0.611,3.129
2009-08-25,9,0.187,0.24
2009-08-25,10,0.457,0.946
2009-08-25,11,0.3,0.479
2009-08-25,12,0.156,0.289
2009-08-25,13,0.141,0.233
2009-08-25,14,0.219,0.724
2009-08-25,15,0.409,2.481
2009-08-25,16,0.226,0.359
2009-08-25,17,1.003,2.508
2009-08-25,18,0.291,0.294
2009-08-25,19,0.238,0.331
2009-08-25,20,0.28,1.516
2009-08-25,21,2.367,3.63
2009-08-25,22,1.563,1.603
2009-08-25,23,1.135,1.738
2009-08-25,24,1.172,1.428
2009-08-26,1,0.298,0.388
2009-08-26,2,0.223,0.304
2009-08-26,3,0.162,0.238
2009-08-26,4,0.344,0.391
2009-08-26,5,0.152,0.177
2009-08-26,6,0.222,0.254
2009-08-26,7,0.181,0.955
2009-08-26,8,0.292,2.223
2009-08-26,9,0.227,0.478
2009-08-26,10,0.365,0.594
2009-08-26,11,0.366,1.746
2009-08-26,12,0.182,1.349
2009-08-26,13,0.227,0.242
2009-08-26,14,0.179,0.288
2009-08-26,15,0.309,0.31
2009-08-26,16,0.173,0.192
2009-08-26,17,0.782,1.999
2009-08-26,18,0.266,0.271
2009-08-26,19,0.253,0.324
2009-08-26,20,0.487,0.566
2009-08-26,21,0.9,1.322
2009-08-26,22,0.792,0.983
2009-08-26,23,0.735,0.762
2009-08-26,24,0.498,0.794
2009-08-27,1,0.253,0.36
2009-08-27,2,0.165,0.245
2009-08-27,3,0.15,0.187
2009-08-27,4,0.17,0.354
2009-08-27,5,0.155,0.393
2009-08-27,6,0.177,0.178
2009-08-27,7,0.225,0.957
2009-08-27,8,0.286,2.587
2009-08-27,9,0.292,0.327
2009-08-27,10,0.274,0.744
2009-08-27,11,0.267,0.35
2009-08-27,12,0.283,0.283
2009-08-27,13,0.157,0.239
2009-08-27,14,0.2,0.229
2009-08-27,15,0.154,0.157
2009-08-27,16,0.15,0.39
2009-08-27,17,1.109,1.53
2009-08-27,18,0.215,0.268
2009-08-27,19,0.137,0.184
2009-08-27,20,1.556,2.787
2009-08-27,21,0.242,0.28
2009-08-27,22,0.829,1.162
2009-08-27,23,1.218,1.261
2009-08-27,24,0.237,0.332
2009-08-28,1,0.2,0.26
2009-08-28,2,0.159,0.239
2009-08-28,3,0.166,0.28
2009-08-28,4,0.203,0.385
2009-08-28,5,0.159,0.179
2009-08-28,6,0.219,0.25
2009-08-28,7,0.222,1.207
2009-08-28,8,0.643,3.009
2009-08-28,9,0.267,1.154
2009-08-28,10,1.361,2.942
2009-08-28,11,1.484,2.955
2009-08-28,12,0.351,0.511
2009-08-28,13,0.287,0.495
2009-08-28,14,0.171,0.306
2009-08-28,15,0.214,0.299
2009-08-28,16,0.176,0.252
2009-08-28,17,0.96,2.92
2009-08-28,18,0.332,2.246
2009-08-28,19,0.173,0.206
2009-08-28,20,0.22,0.233
2009-08-28,21,0.204,0.226
2009-08-28,22,0.322,0.398
2009-08-28,23,0.186,0.254
2009-08-28,24,0.222,0.242
2009-08-29,1,0.291,0.31
2009-08-29,2,0.196,0.325
2009-08-29,3,0.213,0.304
2009-08-29,4,0.159,0.172
2009-08-29,5,0.171,0.324
2009-08-29,6,0.187,0.413
2009-08-29,7,0.149,0.898
2009-08-29,8,2.679,3.048
2009-08-29,9,0.169,0.231
2009-08-29,10,0.284,0.291
2009-08-29,11,0.167,0.19
2009-08-29,12,0.152,0.167
2009-08-29,13,0.272,0.279
2009-08-29,14,0.206,0.274
2009-08-29,15,0.192,0.252
2009-08-29,16,0.154,0.17
2009-08-29,17,0.817,1.92
2009-08-29,18,0.189,0.335
2009-08-29,19,0.153,0.167
2009-08-29,20,0.198,0.266
2009-08-29,21,0.174,0.323
2009-08-29,22,0.278,0.343
2009-08-29,23,0.204,0.223
2009-08-29,24,0.182,0.24
2009-08-30,1,0.303,0.322
2009-08-30,2,0.171,0.299
2009-08-30,3,0.212,0.246
2009-08-30,4,0.149,0.175
2009-08-30,5,0.17,0.38
2009-08-30,6,0.171,0.323
2009-08-30,7,0.157,0.951
2009-08-30,8,0.186,2.759
2009-08-30,9,0.162,0.287
2009-08-30,10,0.274,0.3
2009-08-30,11,0.145,0.176
2009-08-30,12,0.17,0.234
2009-08-30,13,0.224,0.268
2009-08-30,14,0.175,0.297
2009-08-30,15,0.211,0.263
2009-08-30,16,0.152,0.512
2009-08-30,17,1.287,1.753
2009-08-30,18,0.255,0.274
2009-08-30,19,0.317,0.56
2009-08-30,20,1.037,1.899
2009-08-30,21,0.828,1.577
2009-08-30,22,0.88,1.413
2009-08-30,23,1.345,1.438
2009-08-30,24,0.27,1.519
2009-08-31,1,0.226,0.394
2009-08-31,2,0.193,0.331
2009-08-31,3,0.146,0.248
2009-08-31,4,0.157,0.199
2009-08-31,5,0.196,0.351
2009-08-31,6,0.134,0.304
2009-08-31,7,0.158,1.039
2009-08-31,8,2.873,2.971
2009-08-31,9,0.983,2.406
2009-08-31,10,0.202,0.637
2009-08-31,11,0.138,0.152
2009-08-31,12,0.26,0.336
2009-08-31,13,0.162,0.229
2009-08-31,14,0.217,0.218
2009-08-31,15,0.163,0.235
2009-08-31,16,0.279,0.29
2009-08-31,17,0.975,2.098
2009-08-31,18,0.157,0.256
2009-08-31,19,0.258,0.273
2009-08-31,20,0.985,1.083
2009-08-31,21,2.124,2.75
2009-08-31,22,1.238,1.361
2009-08-31,23,0.642,1.202
2009-08-31,24,0.738,0.821
2009-09-01,1,0.216,0.38
2009-09-01,2,0.254,0.288
2009-09-01,3,0.176,0.303
2009-09-01,4,0.157,0.161
2009-09-01,5,0.237,0.344
2009-09-01,6,0.154,0.283
2009-09-01,7,0.167,1.027
2009-09-01,8,0.485,2.965
2009-09-01,9,0.288,0.319
2009-09-01,10,0.159,0.193
2009-09-01,11,0.284,0.556
2009-09-01,12,0.275,0.361
2009-09-01,13,0.208,0.233
2009-09-01,14,0.576,1.376
2009-09-01,15,0.445,1.294
2009-09-01,16,0.297,0.334
2009-09-01,17,0.899,2.416
2009-09-01,18,0.179,0.356
2009-09-01,19,0.282,0.402
2009-09-01,20,0.7,1.48
2009-09-01,21,2.682,4.312
2009-09-01,22,1.818,1.924
2009-09-01,23,1.973,2.153
2009-09-01,24,1.914,2.748
2009-09-02,1,1.406,1.541
2009-09-02,2,0.161,0.56
2009-09-02,3,0.195,0.234
2009-09-02,4,0.266,0.289
2009-09-02,5,0.209,0.218
2009-09-02,6,0.13,0.155
2009-09-02,7,0.244,1.146
2009-09-02,8,0.154,2.505
2009-09-02,9,0.163,0.272
2009-09-02,10,0.404,0.678
2009-09-02,11,0.604,1.07
2009-09-02,12,0.76,1.195
2009-09-02,13,0.17,0.206
2009-09-02,14,0.303,0.338
2009-09-02,15,0.166,0.205
2009-09-02,16,0.229,0.23
2009-09-02,17,1.0,3.007
2009-09-02,18,0.336,1.661
2009-09-02,19,0.15,0.162
2009-09-02,20,0.221,0.343
2009-09-02,21,0.552,1.067
2009-09-02,22,2.018,2.634
2009-09-02,23,1.397,1.534
2009-09-02,24,1.363,1.654
2009-09-03,1,0.265,0.379
2009-09-03,2,0.257,0.267
2009-09-03,3,0.284,0.284
2009-09-03,4,0.185,0.237
2009-09-03,5,0.155,0.178
2009-09-03,6,0.166,0.303
2009-09-03,7,0.34,1.126
2009-09-03,8,0.178,2.172
2009-09-03,9,0.205,0.246
2009-09-03,10,0.37,1.464
2009-09-03,11,0.247,0.487
2009-09-03,12,0.134,0.15
2009-09-03,13,0.154,0.227
2009-09-03,14,0.215,0.286
2009-09-03,15,0.225,0.52
2009-09-03,16,0.159,1.43
2009-09-03,17,1.082,3.042
2009-09-03,18,0.463,0.718
2009-09-03,19,0.216,2.236
2009-09-03,20,0.443,2.164
2009-09-03,21,0.769,1.0
2009-09-03,22,1.14,1.209
2009-09-03,23,1.098,1.599
2009-09-03,24,0.98,2.009
2009-09-04,1,0.293,1.038
2009-09-04,2,0.161,0.26
2009-09-04,3,0.134,0.204
2009-09-04,4,0.159,0.226
2009-09-04,5,0.255,0.369
2009-09-04,6,0.14,0.158
2009-09-04,7,0.17,1.138
2009-09-04,8,0.363,2.533
2009-09-04,9,0.293,0.539
2009-09-04,10,1.408,2.242
2009-09-04,11,0.582,1.044
2009-09-04,12,0.728,0.887
2009-09-04,13,0.735,1.836
2009-09-04,14,0.629,0.638
2009-09-04,15,0.154,0.241
2009-09-04,16,0.204,0.315
2009-09-04,17,1.074,2.956
2009-09-04,18,0.133,0.154
2009-09-04,19,0.215,0.24
2009-09-04,20,0.256,0.287
2009-09-04,21,0.19,0.308
2009-09-04,22,1.266,2.74
2009-09-04,23,1.466,2.095
2009-09-04,24,1.068,1.587
2009-09-05,1,0.784,0.82
2009-09-05,2,0.273,0.645
2009-09-05,3,0.284,0.292
2009-09-05,4,0.131,0.196
2009-09-05,5,0.173,0.208
2009-09-05,6,0.127,0.319
2009-09-05,7,0.282,1.042
2009-09-05,8,0.153,2.648
2009-09-05,9,0.175,0.589
2009-09-05,10,0.314,0.329
2009-09-05,11,0.145,0.165
2009-09-05,12,0.259,0.997
2009-09-05,13,0.558,0.603
2009-09-05,14,0.571,2.42
2009-09-05,15,0.795,1.08
2009-09-05,16,0.535,1.1
2009-09-05,17,0.277,0.492
2009-09-05,18,0.263,0.329
2009-09-05,19,0.368,0.381
2009-09-05,20,0.506,1.001
2009-09-05,21,1.513,4.42
2009-09-05,22,1.412,1.467
2009-09-05,23,1.155,1.444
2009-09-05,24,0.289,0.345
2009-09-06,1,0.35,0.373
2009-09-06,2,0.255,0.344
2009-09-06,3,0.398,0.415
2009-09-06,4,0.343,0.589
2009-09-06,5,0.15,0.212
2009-09-06,6,0.241,1.404
2009-09-06,7,1.592,3.019
2009-09-06,8,0.393,0.424
2009-09-06,9,0.229,0.285
2009-09-06,10,0.147,0.491
2009-09-06,11,0.236,0.37
2009-09-06,12,0.465,0.542
2009-09-06,13,0.388,0.763
2009-09-06,14,0.332,0.713
2009-09-06,15,0.633,0.774
2009-09-06,16,1.908,2.994
2009-09-06,17,1.486,2.058
2009-09-06,18,1.366,1.439
2009-09-06,19,2.336,3.158
2009-09-06,20,0.574,0.722
2009-09-06,21,0.803,1.32
2009-09-06,22,1.133,2.403
2009-09-06,23,1.215,2.393
2009-09-06,24,0.255,0.441
2009-09-07,1,0.291,0.293
2009-09-07,2,0.292,0.48
2009-09-07,3,0.164,0.168
2009-09-07,4,0.211,0.226
2009-09-07,5,0.283,0.298
2009-09-07,6,0.14,1.507
2009-09-07,7,0.13,2.854
2009-09-07,8,0.155,0.342
2009-09-07,9,0.292,0.322
2009-09-07,10,0.135,0.206
2009-09-07,11,0.181,0.242
2009-09-07,12,0.246,0.278
2009-09-07,13,0.202,0.24
2009-09-07,14,0.13,0.152
2009-09-07,15,0.152,0.337
2009-09-07,16,1.404,2.219
2009-09-07,17,0.137,0.202
2009-09-07,18,0.228,0.462
2009-09-07,19,0.253,0.304
2009-09-07,20,0.406,0.65
2009-09-07,21,1.217,1.538
2009-09-07,22,1.459,1.492
2009-09-07,23,1.404,1.542
2009-09-07,24,1.374,1.416
2009-09-08,1,0.216,1.402
2009-09-08,2,0.191,0.355
2009-09-08,3,0.151,0.295
2009-09-08,4,0.151,0.152
2009-09-08,5,0.17,0.244
2009-09-08,6,0.248,1.428
2009-09-08,7,0.223,2.93
2009-09-08,8,0.125,0.306
2009-09-08,9,0.155,0.273
2009-09-08,10,0.24,0.306
2009-09-08,11,0.146,0.185
2009-09-08,12,0.222,0.496
2009-09-08,13,0.299,0.307
2009-09-08,14,0.185,0.311
2009-09-08,15,0.156,0.168
2009-09-08,16,1.314,1.487
2009-09-08,17,0.274,0.303
2009-09-08,18,0.14,0.255
2009-09-08,19,0.323,0.401
2009-09-08,20,0.248,0.303
2009-09-08,21,0.48,0.73
2009-09-08,22,1.5,1.568
2009-09-08,23,1.094,1.417
2009-09-08,24,1.332,1.35
2009-09-09,1,0.535,1.819
2009-09-09,2,0.254,0.272
2009-09-09,3,0.192,0.253
2009-09-09,4,0.168,0.184
2009-09-09,5,0.173,0.249
2009-09-09,6,0.364,1.455
2009-09-09,7,0.153,2.622
2009-09-09,8,0.184,0.269
2009-09-09,9,0.149,0.535
2009-09-09,10,0.305,0.454
2009-09-09,11,0.167,0.17
2009-09-09,12,0.141,0.273
2009-09-09,13,0.206,0.265
2009-09-09,14,0.263,0.282
2009-09-09,15,0.15,0.254
2009-09-09,16,1.378,1.991
2009-09-09,17,0.28,0.319
2009-09-09,18,0.167,0.28
2009-09-09,19,0.2,0.203
2009-09-09,20,0.273,0.452
2009-09-09,21,0.466,1.053
2009-09-09,22,0.365,0.38
2009-09-09,23,0.426,0.59
2009-09-09,24,0.494,1.405
2009-09-10,1,0.381,0.475
2009-09-10,2,0.207,0.275
2009-09-10,3,0.366,0.383
2009-09-10,4,0.192,0.273
2009-09-10,5,0.152,0.176
2009-09-10,6,0.259,1.506
2009-09-10,7,0.293,3.034
2009-09-10,8,0.203,0.236
2009-09-10,9,0.158,0.569
2009-09-10,10,0.398,1.649
2009-09-10,11,0.632,1.24
2009-09-10,12,0.164,0.196
2009-09-10,13,0.167,0.239
2009-09-10,14,0.171,0.173
2009-09-10,15,0.307,0.397
2009-09-10,16,1.312,1.553
2009-09-10,17,0.388,1.168
2009-09-10,18,0.352,0.467
2009-09-10,19,0.931,2.005
2009-09-10,20,0.42,1.749
2009-09-10,21,1.704,3.171
2009-09-10,22,1.654,2.024
2009-09-10,23,1.542,2.204
2009-09-10,24,0.482,1.669
2009-09-11,1,0.28,0.35
2009-09-11,2,0.195,0.299
2009-09-11,3,0.153,0.241
2009-09-11,4,0.18,0.209
2009-09-11,5,0.201,0.357
2009-09-11,6,0.342,1.355
2009-09-11,7,0.177,2.679
2009-09-11,8,0.223,0.233
2009-09-11,9,0.863,1.443
2009-09-11,10,0.382,0.68
2009-09-11,11,0.666,0.824
2009-09-11,12,0.641,0.914
2009-09-11,13,0.161,0.348
2009-09-11,14,0.155,0.192
2009-09-11,15,0.257,0.269
2009-09-11,16,1.352,3.003
2009-09-11,17,0.147,2.064
2009-09-11,18,0.133,0.146
2009-09-11,19,0.289,0.351
2009-09-11,20,0.136,0.138
2009-09-11,21,0.222,0.3
2009-09-11,22,0.174,0.29
2009-09-11,23,0.296,0.306
2009-09-11,24,0.179,0.191
2009-09-12,1,0.176,0.203
2009-09-12,2,0.252,0.277
2009-09-12,3,0.14,0.218
2009-09-12,4,0.147,0.239
2009-09-12,5,0.139,0.139
2009-09-12,6,0.179,1.551
2009-09-12,7,0.15,2.88
2009-09-12,8,0.137,0.2
2009-09-12,9,0.137,0.177
2009-09-12,10,0.115,0.274
2009-09-12,11,0.132,0.347
2009-09-12,12,0.134,0.135
2009-09-12,13,0.166,0.216
2009-09-12,14,0.141,0.253
2009-09-12,15,0.239,0.277
2009-09-12,16,1.305,1.367
2009-09-12,17,0.139,0.192
2009-09-12,18,0.241,0.266
2009-09-12,19,0.171,0.184
2009-09-12,20,0.119,0.234
2009-09-12,21,0.161,0.173
2009-09-12,22,0.344,0.376
2009-09-12,23,0.158,0.23
2009-09-12,24,0.199,0.275
2009-09-13,1,0.166,0.173
2009-09-13,2,0.296,0.309
2009-09-13,3,0.138,0.195
2009-09-13,4,0.114,0.144
2009-09-13,5,0.133,0.243
2009-09-13,6,0.273,1.536
2009-09-13,7,0.217,1.853
2009-09-13,8,0.12,0.129
2009-09-13,9,0.135,0.189
2009-09-13,10,0.26,0.261
2009-09-13,11,0.133,0.15
2009-09-13,12,0.147,0.224
2009-09-13,13,0.122,0.141
2009-09-13,14,0.268,0.343
2009-09-13,15,0.133,0.172
2009-09-13,16,1.237,1.325
2009-09-13,17,0.139,0.157
2009-09-13,18,0.235,0.344
2009-09-13,19,0.119,0.207
2009-09-13,20,0.132,0.191
2009-09-13,21,2.548,3.927
2009-09-13,22,1.483,1.516
2009-09-13,23,1.1,1.91
2009-09-13,24,0.235,0.315
2009-09-14,1,0.331,0.411
2009-09-14,2,0.143,0.211
2009-09-14,3,0.213,0.221
2009-09-14,4,0.126,0.15
2009-09-14,5,0.228,0.364
2009-09-14,6,0.232,1.372
2009-09-14,7,0.64,3.01
2009-09-14,8,0.136,0.242
2009-09-14,9,0.381,0.393
2009-09-14,10,0.208,0.53
2009-09-14,11,0.134,0.157
2009-09-14,12,0.15,0.245
2009-09-14,13,0.175,0.268
2009-09-14,14,0.197,0.237
2009-09-14,15,0.143,0.194
2009-09-14,16,1.172,1.966
2009-09-14,17,0.268,0.293
2009-09-14,18,0.159,0.414
2009-09-14,19,0.391,0.8
2009-09-14,20,1.44,2.993
2009-09-14,21,1.297,1.308
2009-09-14,22,0.39,0.51
2009-09-14,23,0.511,0.578
2009-09-14,24,0.267,1.034
2009-09-15,1,0.276,0.278
2009-09-15,2,0.165,0.183
2009-09-15,3,0.323,0.351
2009-09-15,4,0.183,0.259
2009-09-15,5,0.146,0.243
2009-09-15,6,0.232,1.42
2009-09-15,7,0.209,3.087
2009-09-15,8,0.251,0.355
2009-09-15,9,0.147,0.164
2009-09-15,10,0.21,0.359
2009-09-15,11,0.17,0.279
2009-09-15,12,0.145,0.259
2009-09-15,13,0.128,0.206
2009-09-15,14,0.387,0.449
2009-09-15,15,0.252,0.353
2009-09-15,16,1.252,1.429
2009-09-15,17,0.284,0.328
2009-09-15,18,0.293,0.342
2009-09-15,19,0.193,0.23
2009-09-15,20,0.22,1.443
2009-09-15,21,0.738,0.945
2009-09-15,22,0.683,0.756
2009-09-15,23,0.752,0.788
2009-09-15,24,0.688,0.792
2009-09-16,1,0.699,0.747
2009-09-16,2,0.195,0.25
2009-09-16,3,0.256,0.374
2009-09-16,4,0.154,0.17
2009-09-16,5,0.244,0.29
2009-09-16,6,0.193,1.549
2009-09-16,7,0.259,1.864
2009-09-16,8,0.15,0.194
2009-09-16,9,0.278,0.826
2009-09-16,10,0.283,0.454
2009-09-16,11,0.168,0.17
2009-09-16,12,0.167,0.267
2009-09-16,13,0.156,0.215
2009-09-16,14,0.283,0.39
2009-09-16,15,0.142,0.739
2009-09-16,16,1.404,1.468
2009-09-16,17,0.219,0.279
2009-09-16,18,0.176,0.236
2009-09-16,19,0.127,0.147
2009-09-16,20,0.331,0.799
2009-09-16,21,1.144,1.388
2009-09-16,22,0.899,1.274
2009-09-16,23,1.679,3.143
2009-09-16,24,1.931,2.02
2009-09-17,1,0.263,0.363
2009-09-17,2,0.314,0.351
2009-09-17,3,0.172,0.236
2009-09-17,4,0.227,0.232
2009-09-17,5,0.325,0.341
2009-09-17,6,0.257,1.283
2009-09-17,7,0.24,1.694
2009-09-17,8,0.148,0.165
2009-09-17,9,0.308,0.413
2009-09-17,10,0.371,1.605
2009-09-17,11,0.252,0.331
2009-09-17,12,0.38,2.922
2009-09-17,13,0.344,1.913
2009-09-17,14,0.293,0.416
2009-09-17,15,0.362,0.513
2009-09-17,16,1.554,1.818
2009-09-17,17,0.151,0.755
2009-09-17,18,0.79,0.938
2009-09-17,19,0.238,1.118
2009-09-17,20,0.553,0.933
2009-09-17,21,0.743,1.679
2009-09-17,22,1.232,1.694
2009-09-17,23,0.853,0.949
2009-09-17,24,0.678,1.532
2009-09-18,1,0.327,0.402
2009-09-18,2,0.155,0.164
2009-09-18,3,0.127,0.23
2009-09-18,4,0.226,0.337
2009-09-18,5,0.191,0.203
2009-09-18,6,0.186,1.221
2009-09-18,7,0.178,2.219
2009-09-18,8,0.241,0.353
2009-09-18,9,0.131,0.186
2009-09-18,10,0.407,0.942
2009-09-18,11,0.457,1.221
2009-09-18,12,0.248,0.426
2009-09-18,13,0.223,0.341
2009-09-18,14,1.181,1.394
2009-09-18,15,0.355,0.622
2009-09-18,16,1.427,2.995
2009-09-18,17,1.88,3.076
2009-09-18,18,0.187,0.198
2009-09-18,19,0.457,0.487
2009-09-18,20,0.648,1.282
2009-09-18,21,0.788,0.843
2009-09-18,22,0.785,0.887
2009-09-18,23,0.424,0.816
2009-09-18,24,0.2,0.274
2009-09-19,1,0.209,0.226
2009-09-19,2,0.447,0.457
2009-09-19,3,0.169,0.332
2009-09-19,4,0.17,0.249
2009-09-19,5,0.144,0.176
2009-09-19,6,0.325,1.505
2009-09-19,7,0.227,2.478
2009-09-19,8,0.147,0.212
2009-09-19,9,0.176,0.255
2009-09-19,10,0.31,0.368
2009-09-19,11,0.147,0.248
2009-09-19,12,0.164,0.169
2009-09-19,13,0.163,0.236
2009-09-19,14,0.311,0.903
2009-09-19,15,0.215,0.868
2009-09-19,16,1.154,1.432
2009-09-19,17,0.231,0.36
2009-09-19,18,0.192,0.195
2009-09-19,19,0.232,0.406
2009-09-19,20,0.472,0.528
2009-09-19,21,0.649,0.875
2009-09-19,22,1.112,1.75
2009-09-19,23,1.141,1.264
2009-09-19,24,1.199,1.422
2009-09-20,1,0.361,1.832
2009-09-20,2,0.315,1.528
2009-09-20,3,0.158,0.279
2009-09-20,4,0.206,0.255
2009-09-20,5,0.148,0.167
2009-09-20,6,0.311,1.491
2009-09-20,7,0.166,1.064
2009-09-20,8,0.145,0.233
2009-09-20,9,0.178,0.233
2009-09-20,10,0.251,0.298
2009-09-20,11,0.234,0.482
2009-09-20,12,0.166,0.808
2009-09-20,13,0.455,1.19
2009-09-20,14,0.176,0.322
2009-09-20,15,0.18,0.38
2009-09-20,16,2.133,4.08
2009-09-20,17,0.34,0.35
2009-09-20,18,0.258,0.319
2009-09-20,19,1.539,1.626
2009-09-20,20,1.257,1.827
2009-09-20,21,1.616,3.356
2009-09-20,22,1.173,1.257
2009-09-20,23,1.348,1.355
2009-09-20,24,1.072,1.192
2009-09-21,1,0.358,1.058
2009-09-21,2,0.224,0.348
2009-09-21,3,0.173,0.181
2009-09-21,4,0.135,0.199
2009-09-21,5,0.15,0.302
2009-09-21,6,0.274,1.316
2009-09-21,7,0.536,2.94
2009-09-21,8,0.175,0.179
2009-09-21,9,0.154,0.433
2009-09-21,10,0.359,0.821
2009-09-21,11,0.15,0.18
2009-09-21,12,0.15,0.237
2009-09-21,13,0.306,0.324
2009-09-21,14,0.255,0.931
2009-09-21,15,0.249,0.72
2009-09-21,16,1.465,1.922
2009-09-21,17,0.305,0.44
2009-09-21,18,0.164,0.173
2009-09-21,19,0.164,0.608
2009-09-21,20,0.613,1.144
2009-09-21,21,1.498,1.595
2009-09-21,22,1.648,1.662
2009-09-21,23,1.6,1.92
2009-09-21,24,0.527,1.419
2009-09-22,1,0.239,0.337
2009-09-22,2,0.174,0.209
2009-09-22,3,0.134,0.217
2009-09-22,4,0.287,0.299
2009-09-22,5,0.14,0.209
2009-09-22,6,0.14,1.4
2009-09-22,7,0.322,1.956
2009-09-22,8,0.257,0.347
2009-09-22,9,0.173,0.317
2009-09-22,10,0.178,0.909
2009-09-22,11,0.319,0.439
2009-09-22,12,0.153,0.188
2009-09-22,13,0.208,0.276
2009-09-22,14,0.251,0.3
2009-09-22,15,0.19,0.265
2009-09-22,16,1.428,1.46
2009-09-22,17,0.153,0.454
2009-09-22,18,0.146,0.507
2009-09-22,19,0.266,0.273
2009-09-22,20,0.358,2.12
2009-09-22,21,1.43,3.135
2009-09-22,22,0.853,0.989
2009-09-22,23,1.36,3.091
2009-09-22,24,0.98,1.166
2009-09-23,1,0.193,0.209
2009-09-23,2,0.176,0.196
2009-09-23,3,0.238,0.368
2009-09-23,4,0.129,0.146
2009-09-23,5,0.178,0.233
2009-09-23,6,0.169,1.508
2009-09-23,7,1.633,2.993
2009-09-23,8,0.185,0.22
2009-09-23,9,0.257,0.345
2009-09-23,10,0.22,0.354
2009-09-23,11,0.371,0.882
2009-09-23,12,0.293,0.418
2009-09-23,13,0.19,0.28
2009-09-23,14,0.232,0.605
2009-09-23,15,0.183,0.416
2009-09-23,16,1.464,2.101
2009-09-23,17,0.193,0.301
2009-09-23,18,0.195,0.261
2009-09-23,19,0.328,0.33
2009-09-23,20,0.317,0.801
2009-09-23,21,2.535,2.639
2009-09-23,22,1.327,1.83
2009-09-23,23,1.225,3.091
2009-09-23,24,0.595,1.47
2009-09-24,1,0.242,0.443
2009-09-24,2,0.201,0.241
2009-09-24,3,0.236,0.392
2009-09-24,4,0.154,0.172
2009-09-24,5,0.203,0.256
2009-09-24,6,0.213,1.424
2009-09-24,7,0.236,2.902
2009-09-24,8,0.149,0.161
2009-09-24,9,0.2,0.249
2009-09-24,10,1.548,2.483
2009-09-24,11,0.248,0.422
2009-09-24,12,0.13,0.169
2009-09-24,13,0.139,0.241
2009-09-24,14,0.222,0.272
2009-09-24,15,0.199,0.215
2009-09-24,16,1.284,2.554
2009-09-24,17,0.127,0.224
2009-09-24,18,0.251,0.254
2009-09-24,19,0.203,0.205
2009-09-24,20,0.242,0.422
2009-09-24,21,1.758,2.194
2009-09-24,22,1.042,1.537
2009-09-24,23,0.92,1.006
2009-09-24,24,0.937,1.018
2009-09-25,1,0.389,0.695
2009-09-25,2,0.182,0.182
2009-09-25,3,0.14,0.233
2009-09-25,4,0.144,0.33
2009-09-25,5,0.162,0.321
2009-09-25,6,0.147,1.523
2009-09-25,7,0.138,1.554
2009-09-25,8,0.236,0.502
2009-09-25,9,0.38,1.733
2009-09-25,10,0.742,1.891
2009-09-25,11,0.314,0.493
2009-09-25,12,0.288,0.451
2009-09-25,13,0.151,0.23
2009-09-25,14,0.136,0.145
2009-09-25,15,0.187,0.273
2009-09-25,16,1.483,2.968
2009-09-25,17,0.145,1.615
2009-09-25,18,0.15,0.195
2009-09-25,19,0.221,0.283
2009-09-25,20,0.261,0.29
2009-09-25,21,0.184,0.189
2009-09-25,22,2.51,3.496
2009-09-25,23,1.107,1.455
2009-09-25,24,0.955,0.977
2009-09-26,1,0.615,2.831
2009-09-26,2,0.435,1.69
2009-09-26,3,0.315,0.386
2009-09-26,4,0.142,0.202
2009-09-26,5,0.284,0.293
2009-09-26,6,0.189,1.445
2009-09-26,7,0.136,1.297
2009-09-26,8,0.148,0.234
2009-09-26,9,0.221,0.342
2009-09-26,10,0.224,0.519
2009-09-26,11,0.157,0.239
2009-09-26,12,0.212,0.357
2009-09-26,13,0.281,0.302
2009-09-26,14,0.34,0.553
2009-09-26,15,0.757,3.312
2009-09-26,16,0.289,2.197
2009-09-26,17,0.198,0.225
2009-09-26,18,0.302,0.384
2009-09-26,19,0.178,0.212
2009-09-26,20,1.049,3.3
2009-09-26,21,2.085,3.07
2009-09-26,22,2.971,4.534
2009-09-26,23,1.769,1.91
2009-09-26,24,2.197,2.501
2009-09-27,1,0.36,0.473
2009-09-27,2,0.248,0.342
2009-09-27,3,0.17,0.28
2009-09-27,4,0.193,0.312
2009-09-27,5,0.414,0.434
2009-09-27,6,0.245,1.71
2009-09-27,7,0.211,0.33
2009-09-27,8,0.242,0.333
2009-09-27,9,0.223,0.403
2009-09-27,10,0.332,0.73
2009-09-27,11,0.572,2.067
2009-09-27,12,0.345,0.374
2009-09-27,13,0.391,1.121
2009-09-27,14,0.291,0.372
2009-09-27,15,0.926,2.2
2009-09-27,16,0.393,2.055
2009-09-27,17,0.993,1.31
2009-09-27,18,1.826,2.95
2009-09-27,19,3.768,4.635
2009-09-27,20,3.66,4.591
2009-09-27,21,1.761,2.284
2009-09-27,22,1.347,4.671
2009-09-27,23,0.425,0.703
2009-09-27,24,0.413,0.472
2009-09-28,1,0.245,0.362
2009-09-28,2,0.161,0.218
2009-09-28,3,0.151,0.243
2009-09-28,4,0.269,0.31
2009-09-28,5,0.16,0.177
2009-09-28,6,0.474,3.018
2009-09-28,7,0.192,0.288
2009-09-28,8,0.135,0.323
2009-09-28,9,0.178,0.477
2009-09-28,10,0.313,0.324
2009-09-28,11,0.261,0.38
2009-09-28,12,0.31,2.102
2009-09-28,13,0.335,0.433
2009-09-28,14,0.299,0.395
2009-09-28,15,0.53,3.143
2009-09-28,16,0.423,1.502
2009-09-28,17,0.291,0.366
2009-09-28,18,0.304,0.305
2009-09-28,19,0.278,0.425
2009-09-28,20,0.779,1.08
2009-09-28,21,1.454,1.679
2009-09-28,22,2.026,3.65
2009-09-28,23,2.066,2.514
2009-09-28,24,0.832,1.875
2009-09-29,1,0.298,0.318
2009-09-29,2,0.231,0.27
2009-09-29,3,0.145,0.164
2009-09-29,4,0.135,0.384
2009-09-29,5,0.308,0.337
2009-09-29,6,0.769,3.064
2009-09-29,7,0.13,0.213
2009-09-29,8,0.192,0.46
2009-09-29,9,0.142,0.343
2009-09-29,10,0.522,1.396
2009-09-29,11,0.33,0.467
2009-09-29,12,0.247,0.794
2009-09-29,13,0.356,4.172
2009-09-29,14,0.314,0.361
2009-09-29,15,0.53,3.394
2009-09-29,16,1.715,3.986
2009-09-29,17,2.324,2.342
2009-09-29,18,0.408,0.613
2009-09-29,19,1.156,2.1
2009-09-29,20,1.141,1.65
2009-09-29,21,3.172,3.771
2009-09-29,22,1.18,1.737
2009-09-29,23,1.088,1.31
2009-09-29,24,0.875,1.138
2009-09-30,1,0.187,0.467
2009-09-30,2,0.162,0.273
2009-09-30,3,0.13,0.167
2009-09-30,4,0.298,0.424
2009-09-30,5,0.171,0.298
2009-09-30,6,3.086,3.155
2009-09-30,7,0.126,0.564
2009-09-30,8,0.246,0.379
2009-09-30,9,0.207,0.444
2009-09-30,10,0.218,0.448
2009-09-30,11,0.152,0.185
2009-09-30,12,0.282,0.351
2009-09-30,13,0.2,0.252
2009-09-30,14,0.198,0.257
2009-09-30,15,0.34,2.973
2009-09-30,16,0.383,0.432
2009-09-30,17,0.265,0.384
2009-09-30,18,0.183,0.206
2009-09-30,19,0.262,1.993
2009-09-30,20,3.483,3.61
2009-09-30,21,1.707,2.199
2009-09-30,22,1.742,2.33
2009-09-30,23,0.682,1.161
2009-09-30,24,0.475,0.752
2009-10-01,1,0.31,0.357
2009-10-01,2,0.194,0.242
2009-10-01,3,0.222,0.391
2009-10-01,4,0.188,0.346
2009-10-01,5,0.176,0.275
2009-10-01,6,2.981,3.069
2009-10-01,7,0.342,0.648
2009-10-01,8,0.163,0.386
2009-10-01,9,0.184,0.185
2009-10-01,10,0.292,0.754
2009-10-01,11,0.329,2.738
2009-10-01,12,3.275,4.024
2009-10-01,13,1.705,2.597
2009-10-01,14,0.367,1.567
2009-10-01,15,0.185,0.274
2009-10-01,16,0.441,3.006
2009-10-01,17,0.133,0.321
2009-10-01,18,0.242,0.329
2009-10-01,19,0.156,0.251
2009-10-01,20,0.31,0.552
2009-10-01,21,0.187,1.664
2009-10-01,22,1.243,1.551
2009-10-01,23,1.412,1.494
2009-10-01,24,1.514,3.39
2009-10-02,1,0.312,1.812
2009-10-02,2,0.194,0.304
2009-10-02,3,0.215,0.249
2009-10-02,4,0.127,0.151
2009-10-02,5,0.16,0.301
2009-10-02,6,0.253,1.894
2009-10-02,7,0.141,0.234
2009-10-02,8,0.148,0.171
2009-10-02,9,0.815,1.157
2009-10-02,10,0.886,1.629
2009-10-02,11,0.224,1.491
2009-10-02,12,0.264,0.642
2009-10-02,13,0.131,0.16
2009-10-02,14,0.562,0.677
2009-10-02,15,0.138,1.552
2009-10-02,16,0.211,0.214
2009-10-02,17,0.26,0.284
2009-10-02,18,0.213,0.241
2009-10-02,19,0.239,1.793
2009-10-02,20,0.829,1.166
2009-10-02,21,0.292,0.376
2009-10-02,22,0.216,0.273
2009-10-02,23,0.219,0.26
2009-10-02,24,1.202,1.626
2009-10-03,1,0.232,0.441
2009-10-03,2,0.171,0.177
2009-10-03,3,0.198,0.248
2009-10-03,4,0.173,0.176
2009-10-03,5,0.362,1.931
2009-10-03,6,0.15,0.174
2009-10-03,7,0.168,0.242
2009-10-03,8,0.156,0.192
2009-10-03,9,0.188,0.491
2009-10-03,10,0.818,1.561
2009-10-03,11,0.151,0.164
2009-10-03,12,0.173,0.268
2009-10-03,13,0.26,0.296
2009-10-03,14,0.254,0.58
2009-10-03,15,0.465,1.996
2009-10-03,16,0.901,1.137
2009-10-03,17,0.221,1.493
2009-10-03,18,0.166,0.245
2009-10-03,19,0.637,1.324
2009-10-03,20,0.178,0.32
2009-10-03,21,0.289,0.381
2009-10-03,22,0.198,0.209
2009-10-03,23,0.21,0.307
2009-10-03,24,0.464,1.712
2009-10-04,1,0.342,0.357
2009-10-04,2,0.157,0.269
2009-10-04,3,0.201,0.256
2009-10-04,4,0.148,0.17
2009-10-04,5,0.167,0.248
2009-10-04,6,0.339,1.738
2009-10-04,7,0.159,0.205
2009-10-04,8,0.172,0.234
2009-10-04,9,0.148,0.168
2009-10-04,10,0.254,0.258
2009-10-04,11,0.238,0.294
2009-10-04,12,0.263,1.66
2009-10-04,13,0.159,0.16
2009-10-04,14,0.167,0.226
2009-10-04,15,0.205,0.298
2009-10-04,16,0.219,0.27
2009-10-04,17,0.155,0.251
2009-10-04,18,0.144,1.696
2009-10-04,19,0.219,0.234
2009-10-04,20,0.295,1.731
2009-10-04,21,1.644,1.783
2009-10-04,22,1.21,1.221
2009-10-04,23,1.677,2.482
2009-10-04,24,0.749,0.779
2009-10-05,1,0.186,0.258
2009-10-05,2,0.211,0.226
2009-10-05,3,0.254,0.261
2009-10-05,4,0.422,1.28
2009-10-05,5,0.148,2.559
2009-10-05,6,0.202,0.253
2009-10-05,7,0.184,0.274
2009-10-05,8,0.163,0.249
2009-10-05,9,0.132,0.492
2009-10-05,10,0.315,0.328
2009-10-05,11,0.131,0.331
2009-10-05,12,0.133,0.146
2009-10-05,13,0.181,0.218
2009-10-05,14,1.452,2.499
2009-10-05,15,0.281,0.311
2009-10-05,16,0.133,0.15
2009-10-05,17,0.138,0.222
2009-10-05,18,0.19,0.283
2009-10-05,19,0.828,1.555
2009-10-05,20,0.384,1.081
2009-10-05,21,2.02,2.96
2009-10-05,22,1.269,1.285
2009-10-05,23,0.511,1.551
2009-10-05,24,0.347,0.35
2009-10-06,1,0.214,0.325
2009-10-06,2,0.175,0.279
2009-10-06,3,0.155,0.157
2009-10-06,4,0.321,0.373
2009-10-06,5,0.169,1.669
2009-10-06,6,0.215,0.219
2009-10-06,7,0.156,0.168
2009-10-06,8,0.308,0.525
2009-10-06,9,0.151,0.16
2009-10-06,10,0.598,0.856
2009-10-06,11,0.261,0.316
2009-10-06,12,0.415,2.974
2009-10-06,13,0.555,2.44
2009-10-06,14,2.286,4.401
2009-10-06,15,1.723,1.748
2009-10-06,16,1.062,2.268
2009-10-06,17,0.202,0.254
2009-10-06,18,0.278,1.278
2009-10-06,19,0.299,0.402
2009-10-06,20,1.758,2.293
2009-10-06,21,1.762,3.163
2009-10-06,22,1.16,1.277
2009-10-06,23,1.018,1.861
2009-10-06,24,0.228,0.283
2009-10-07,1,0.245,0.34
2009-10-07,2,0.227,0.279
2009-10-07,3,0.197,0.24
2009-10-07,4,0.156,1.177
2009-10-07,5,0.362,0.757
2009-10-07,6,0.145,0.296
2009-10-07,7,0.121,0.216
2009-10-07,8,0.126,0.21
2009-10-07,9,0.15,0.431
2009-10-07,10,0.678,1.619
2009-10-07,11,0.661,0.962
2009-10-07,12,0.193,0.238
2009-10-07,13,0.132,0.27
2009-10-07,14,1.336,1.454
2009-10-07,15,0.128,0.153
2009-10-07,16,0.162,0.254
2009-10-07,17,0.149,0.228
2009-10-07,18,0.265,0.286
2009-10-07,19,0.636,1.342
2009-10-07,20,0.673,2.01
2009-10-07,21,3.809,4.034
2009-10-07,22,1.608,1.858
2009-10-07,23,1.69,2.004
2009-10-07,24,1.096,1.604
2009-10-08,1,0.204,0.871
2009-10-08,2,0.177,0.297
2009-10-08,3,0.219,0.305
2009-10-08,4,0.132,1.377
2009-10-08,5,0.132,1.012
2009-10-08,6,0.147,0.349
2009-10-08,7,0.14,0.305
2009-10-08,8,0.145,0.169
2009-10-08,9,0.25,0.545
2009-10-08,10,0.359,0.64
2009-10-08,11,0.194,0.251
2009-10-08,12,0.233,0.555
2009-10-08,13,0.229,0.231
2009-10-08,14,1.572,1.722
2009-10-08,15,0.203,0.266
2009-10-08,16,0.155,0.165
2009-10-08,17,0.171,0.24
2009-10-08,18,0.324,0.907
2009-10-08,19,1.347,2.741
2009-10-08,20,1.006,2.144
2009-10-08,21,1.962,3.707
2009-10-08,22,1.182,1.299
2009-10-08,23,1.538,1.956
2009-10-08,24,0.465,1.533
2009-10-09,1,0.26,0.287
2009-10-09,2,0.142,0.282
2009-10-09,3,0.164,0.166
2009-10-09,4,0.381,1.507
2009-10-09,5,0.149,1.21
2009-10-09,6,0.204,0.248
2009-10-09,7,0.146,0.191
2009-10-09,8,0.296,0.475
2009-10-09,9,0.558,1.513
2009-10-09,10,1.149,2.719
2009-10-09,11,0.879,0.945
2009-10-09,12,0.853,1.239
2009-10-09,13,0.261,0.33
2009-10-09,14,1.423,2.968
2009-10-09,15,0.722,2.943
2009-10-09,16,0.932,1.05
2009-10-09,17,0.239,0.33
2009-10-09,18,0.151,0.198
2009-10-09,19,0.238,0.362
2009-10-09,20,0.209,0.307
2009-10-09,21,0.208,0.221
2009-10-09,22,0.231,0.308
2009-10-09,23,0.327,0.35
2009-10-09,24,0.258,0.263
2009-10-10,1,0.404,0.551
2009-10-10,2,0.614,0.747
2009-10-10,3,0.348,0.715
2009-10-10,4,0.171,1.239
2009-10-10,5,0.162,1.639
2009-10-10,6,0.153,0.185
2009-10-10,7,0.321,0.347
2009-10-10,8,0.145,0.167
2009-10-10,9,0.168,0.249
2009-10-10,10,0.165,0.185
2009-10-10,11,0.244,0.305
2009-10-10,12,0.232,0.279
2009-10-10,13,0.173,0.288
2009-10-10,14,1.308,1.968
2009-10-10,15,1.604,3.036
2009-10-10,16,0.18,0.268
2009-10-10,17,0.17,0.224
2009-10-10,18,0.185,0.934
2009-10-10,19,0.312,1.639
2009-10-10,20,0.221,0.734
2009-10-10,21,1.027,1.282
2009-10-10,22,0.972,1.09
2009-10-10,23,1.119,1.159
2009-10-10,24,0.991,1.017
2009-10-11,1,0.919,0.977
2009-10-11,2,0.967,1.582
2009-10-11,3,1.046,1.708
2009-10-11,4,0.25,1.224
2009-10-11,5,0.221,0.848
2009-10-11,6,0.27,0.375
2009-10-11,7,0.15,0.166
2009-10-11,8,0.2,0.259
2009-10-11,9,0.155,0.252
2009-10-11,10,0.276,0.311
2009-10-11,11,0.146,0.165
2009-10-11,12,0.172,0.312
2009-10-11,13,0.362,0.436
2009-10-11,14,1.96,2.425
2009-10-11,15,0.196,0.292
2009-10-11,16,0.172,0.197
2009-10-11,17,0.338,0.362
2009-10-11,18,0.382,0.396
2009-10-11,19,0.753,2.03
2009-10-11,20,0.918,1.458
2009-10-11,21,0.345,0.379
2009-10-11,22,0.209,0.239
2009-10-11,23,0.196,0.214
2009-10-11,24,1.015,1.02
2009-10-12,1,0.213,0.328
2009-10-12,2,0.227,0.229
2009-10-12,3,0.167,0.168
2009-10-12,4,0.168,1.609
2009-10-12,5,0.163,2.129
2009-10-12,6,0.139,0.185
2009-10-12,7,0.172,0.259
2009-10-12,8,0.162,0.274
2009-10-12,9,1.181,3.119
2009-10-12,10,0.16,0.179
2009-10-12,11,0.141,0.223
2009-10-12,12,0.25,0.27
2009-10-12,13,0.143,0.24
2009-10-12,14,0.187,0.271
2009-10-12,15,0.144,0.168
2009-10-12,16,0.223,0.374
2009-10-12,17,0.238,0.446
2009-10-12,18,1.49,2.901
2009-10-12,19,0.357,0.552
2009-10-12,20,0.635,3.654
2009-10-12,21,1.525,1.666
2009-10-12,22,1.476,1.702
2009-10-12,23,0.852,1.296
2009-10-12,24,0.65,0.673
2009-10-13,1,0.249,1.144
2009-10-13,2,0.229,0.311
2009-10-13,3,0.186,0.206
2009-10-13,4,0.13,0.146
2009-10-13,5,0.168,0.382
2009-10-13,6,0.14,0.236
2009-10-13,7,0.15,0.444
2009-10-13,8,0.379,2.46
2009-10-13,9,0.198,0.282
2009-10-13,10,0.298,1.588
2009-10-13,11,0.202,0.331
2009-10-13,12,0.22,0.323
2009-10-13,13,0.288,0.454
2009-10-13,14,0.188,0.262
2009-10-13,15,0.157,0.174
2009-10-13,16,0.256,0.332
2009-10-13,17,0.26,1.324
2009-10-13,18,0.253,3.053
2009-10-13,19,0.185,0.382
2009-10-13,20,0.227,0.495
2009-10-13,21,0.688,0.946
2009-10-13,22,1.842,2.609
2009-10-13,23,1.121,1.381
2009-10-13,24,1.061,1.332
2009-10-14,1,0.422,1.412
2009-10-14,2,0.175,0.234
2009-10-14,3,0.151,0.24
2009-10-14,4,0.13,0.244
2009-10-14,5,0.165,0.367
2009-10-14,6,0.134,0.144
2009-10-14,7,0.222,0.677
2009-10-14,8,0.456,2.624
2009-10-14,9,0.34,0.946
2009-10-14,10,0.12,0.141
2009-10-14,11,0.143,0.187
2009-10-14,12,0.254,0.271
2009-10-14,13,0.154,0.166
2009-10-14,14,0.133,0.248
2009-10-14,15,0.139,0.143
2009-10-14,16,0.295,0.322
2009-10-14,17,0.143,0.594
2009-10-14,18,0.23,2.494
2009-10-14,19,0.47,0.88
2009-10-14,20,1.098,1.41
2009-10-14,21,0.906,1.0
2009-10-14,22,0.936,1.064
2009-10-14,23,1.429,1.75
2009-10-14,24,0.996,1.491
2009-10-15,1,0.688,0.73
2009-10-15,2,0.477,0.58
2009-10-15,3,0.491,0.574
2009-10-15,4,0.431,0.503
2009-10-15,5,0.543,0.615
2009-10-15,6,0.404,0.427
2009-10-15,7,0.427,0.789
2009-10-15,8,0.541,2.001
2009-10-15,9,0.448,0.7
2009-10-15,10,0.224,0.892
2009-10-15,11,0.135,0.281
2009-10-15,12,0.226,0.403
2009-10-15,13,0.162,0.17
2009-10-15,14,0.199,0.239
2009-10-15,15,0.247,0.401
2009-10-15,16,0.241,0.355
2009-10-15,17,0.37,0.771
2009-10-15,18,0.391,1.964
2009-10-15,19,0.299,2.94
2009-10-15,20,1.571,2.254
2009-10-15,21,0.798,1.252
2009-10-15,22,0.344,0.515
2009-10-15,23,0.347,0.494
2009-10-15,24,0.528,1.198
2009-10-16,1,0.327,0.336
2009-10-16,2,0.164,0.292
2009-10-16,3,0.184,0.268
2009-10-16,4,0.161,0.194
2009-10-16,5,0.291,0.36
2009-10-16,6,0.168,0.168
2009-10-16,7,0.167,0.452
2009-10-16,8,0.672,2.783
2009-10-16,9,0.78,1.544
2009-10-16,10,0.887,1.401
2009-10-16,11,0.762,0.816
2009-10-16,12,0.693,1.107
2009-10-16,13,0.138,0.206
2009-10-16,14,0.195,0.258
2009-10-16,15,0.121,0.241
2009-10-16,16,0.221,0.382
2009-10-16,17,0.15,0.459
2009-10-16,18,0.953,3.49
2009-10-16,19,0.947,1.32
2009-10-16,20,0.779,1.899
2009-10-16,21,1.847,1.885
2009-10-16,22,1.006,1.264
2009-10-16,23,0.726,0.829
2009-10-16,24,0.769,1.317
2009-10-17,1,0.329,0.885
2009-10-17,2,0.157,0.207
2009-10-17,3,0.208,0.358
2009-10-17,4,0.137,0.14
2009-10-17,5,0.164,0.282
2009-10-17,6,0.172,0.268
2009-10-17,7,0.123,0.579
2009-10-17,8,0.126,1.303
2009-10-17,9,0.244,0.251
2009-10-17,10,0.179,0.217
2009-10-17,11,0.386,0.673
2009-10-17,12,0.379,0.418
2009-10-17,13,0.191,0.282
2009-10-17,14,0.315,0.352
2009-10-17,15,0.435,0.893
2009-10-17,16,0.756,0.903
2009-10-17,17,0.376,0.847
2009-10-17,18,0.323,1.571
2009-10-17,19,0.277,1.249
2009-10-17,20,1.83,3.72
2009-10-17,21,1.422,2.332
2009-10-17,22,0.572,2.011
2009-10-17,23,0.727,0.844
2009-10-17,24,0.711,0.981
2009-10-18,1,0.287,0.35
2009-10-18,2,0.171,0.366
2009-10-18,3,0.146,0.156
2009-10-18,4,0.285,0.35
2009-10-18,5,0.137,0.16
2009-10-18,6,0.183,0.325
2009-10-18,7,0.261,0.514
2009-10-18,8,1.194,2.967
2009-10-18,9,0.26,0.549
2009-10-18,10,0.164,0.172
2009-10-18,11,0.679,1.127
2009-10-18,12,1.429,1.502
2009-10-18,13,0.252,0.267
2009-10-18,14,0.23,0.278
2009-10-18,15,0.449,0.922
2009-10-18,16,0.329,0.369
2009-10-18,17,0.33,0.708
2009-10-18,18,0.342,2.97
2009-10-18,19,0.666,1.712
2009-10-18,20,3.122,3.33
2009-10-18,21,1.484,1.51
2009-10-18,22,1.519,1.762
2009-10-18,23,1.371,1.731
2009-10-18,24,0.287,0.627
2009-10-19,1,0.191,0.208
2009-10-19,2,0.283,0.285
2009-10-19,3,0.126,0.166
2009-10-19,4,0.137,0.318
2009-10-19,5,0.131,0.253
2009-10-19,6,0.136,0.142
2009-10-19,7,0.308,0.507
2009-10-19,8,1.697,2.817
2009-10-19,9,0.183,0.64
2009-10-19,10,0.171,0.375
2009-10-19,11,0.143,0.198
2009-10-19,12,0.192,0.229
2009-10-19,13,0.171,0.209
2009-10-19,14,0.136,0.241
2009-10-19,15,0.147,0.266
2009-10-19,16,0.203,0.238
2009-10-19,17,0.126,0.352
2009-10-19,18,0.676,2.824
2009-10-19,19,0.487,1.727
2009-10-19,20,1.156,2.209
2009-10-19,21,1.207,1.294
2009-10-19,22,1.44,1.626
2009-10-19,23,1.74,1.928
2009-10-19,24,1.448,1.727
2009-10-20,1,0.648,1.659
2009-10-20,2,0.132,0.252
2009-10-20,3,0.21,0.23
2009-10-20,4,0.173,0.252
2009-10-20,5,0.168,0.218
2009-10-20,6,0.15,0.272
2009-10-20,7,0.174,0.537
2009-10-20,8,0.262,1.754
2009-10-20,9,0.231,0.319
2009-10-20,10,0.195,0.218
2009-10-20,11,0.164,0.169
2009-10-20,12,0.271,0.643
2009-10-20,13,0.152,0.345
2009-10-20,14,0.152,0.344
2009-10-20,15,0.145,0.225
2009-10-20,16,0.144,0.156
2009-10-20,17,0.278,0.726
2009-10-20,18,0.16,2.143
2009-10-20,19,0.212,0.244
2009-10-20,20,0.217,1.162
2009-10-20,21,0.721,1.209
2009-10-20,22,1.358,1.389
2009-10-20,23,2.627,2.746
2009-10-20,24,0.995,1.076
2009-10-21,1,0.297,0.493
2009-10-21,2,0.171,0.226
2009-10-21,3,0.203,0.363
2009-10-21,4,0.167,0.227
2009-10-21,5,0.143,0.238
2009-10-21,6,0.163,0.378
2009-10-21,7,0.199,0.563
2009-10-21,8,0.573,3.047
2009-10-21,9,0.241,0.388
2009-10-21,10,0.454,0.612
2009-10-21,11,0.266,0.335
2009-10-21,12,0.24,0.252
2009-10-21,13,0.184,0.225
2009-10-21,14,0.255,0.258
2009-10-21,15,0.196,0.56
2009-10-21,16,0.346,0.394
2009-10-21,17,0.228,0.546
2009-10-21,18,0.62,2.786
2009-10-21,19,0.482,0.632
2009-10-21,20,0.945,2.466
2009-10-21,21,1.509,2.794
2009-10-21,22,1.398,1.42
2009-10-21,23,1.447,1.591
2009-10-21,24,1.262,2.723
2009-10-22,1,0.25,1.498
2009-10-22,2,0.132,0.175
2009-10-22,3,0.17,0.386
2009-10-22,4,0.151,0.256
2009-10-22,5,0.149,0.202
2009-10-22,6,0.148,0.195
2009-10-22,7,0.207,0.461
2009-10-22,8,0.138,2.38
2009-10-22,9,0.141,1.416
2009-10-22,10,0.437,0.503
2009-10-22,11,0.537,3.129
2009-10-22,12,0.308,0.348
2009-10-22,13,0.21,0.244
2009-10-22,14,0.204,0.285
2009-10-22,15,0.212,0.311
2009-10-22,16,0.161,0.19
2009-10-22,17,0.213,2.167
2009-10-22,18,0.848,4.95
2009-10-22,19,0.808,1.405
2009-10-22,20,1.121,1.283
2009-10-22,21,2.198,2.522
2009-10-22,22,0.959,1.777
2009-10-22,23,1.154,1.589
2009-10-22,24,0.734,1.417
2009-10-23,1,0.307,0.349
2009-10-23,2,0.169,0.323
2009-10-23,3,0.181,0.213
2009-10-23,4,0.169,0.178
2009-10-23,5,0.284,0.345
2009-10-23,6,0.157,0.247
2009-10-23,7,0.17,0.483
2009-10-23,8,0.66,2.868
2009-10-23,9,0.299,0.452
2009-10-23,10,0.154,0.197
2009-10-23,11,0.598,1.004
2009-10-23,12,0.782,2.107
2009-10-23,13,0.223,0.554
2009-10-23,14,0.167,0.242
2009-10-23,15,0.151,0.167
2009-10-23,16,0.224,0.228
2009-10-23,17,0.29,0.662
2009-10-23,18,1.14,2.854
2009-10-23,19,0.221,0.227
2009-10-23,20,0.192,0.287
2009-10-23,21,0.44,1.439
2009-10-23,22,1.322,2.546
2009-10-23,23,1.196,2.499
2009-10-23,24,0.575,1.491
2009-10-24,1,0.312,0.343
2009-10-24,2,0.364,0.508
2009-10-24,3,0.28,0.382
2009-10-24,4,0.319,0.375
2009-10-24,5,0.181,0.186
2009-10-24,6,0.177,0.26
2009-10-24,7,0.161,0.614
2009-10-24,8,0.285,2.399
2009-10-24,9,0.226,0.507
2009-10-24,10,0.236,0.33
2009-10-24,11,0.314,0.328
2009-10-24,12,0.257,0.528
2009-10-24,13,0.238,0.416
2009-10-24,14,0.371,0.59
2009-10-24,15,0.569,0.577
2009-10-24,16,0.307,0.402
2009-10-24,17,0.198,0.712
2009-10-24,18,0.357,2.469
2009-10-24,19,0.24,0.337
2009-10-24,20,0.346,1.07
2009-10-24,21,2.411,5.43
2009-10-24,22,1.749,1.896
2009-10-24,23,2.459,3.074
2009-10-24,24,0.34,0.618
2009-10-25,1,0.22,0.365
2009-10-25,2,0.262,0.281
2009-10-25,3,0.324,0.368
2009-10-25,4,0.232,0.31
2009-10-25,5,0.149,0.23
2009-10-25,6,0.124,0.499
2009-10-25,7,1.18,3.1
2009-10-25,8,0.139,0.147
2009-10-25,9,0.126,0.352
2009-10-25,10,0.229,0.26
2009-10-25,11,0.319,1.074
2009-10-25,12,0.299,0.389
2009-10-25,13,0.366,0.459
2009-10-25,14,0.703,1.049
2009-10-25,15,0.58,1.672
2009-10-25,16,1.095,1.116
2009-10-25,17,2.138,3.3
2009-10-25,18,0.793,1.939
2009-10-25,19,1.435,2.679
2009-10-25,20,1.346,3.12
2009-10-25,21,1.265,1.368
2009-10-25,22,1.154,1.668
2009-10-25,23,0.258,0.829
2009-10-25,24,0.204,0.32
2009-10-26,1,0.262,0.402
2009-10-26,2,0.179,0.231
2009-10-26,3,0.155,0.229
2009-10-26,4,0.252,0.321
2009-10-26,5,0.165,0.267
2009-10-26,6,0.141,0.519
2009-10-26,7,1.141,3.012
2009-10-26,8,0.258,0.296
2009-10-26,9,0.199,0.228
2009-10-26,10,0.282,0.41
2009-10-26,11,0.38,0.384
2009-10-26,12,0.295,0.38
2009-10-26,13,0.254,0.342
2009-10-26,14,0.755,0.777
2009-10-26,15,1.113,1.513
2009-10-26,16,1.243,1.717
2009-10-26,17,2.577,3.199
2009-10-26,18,4.256,4.351
2009-10-26,19,2.112,2.784
2009-10-26,20,1.983,3.513
2009-10-26,21,1.869,1.934
2009-10-26,22,1.37,1.544
2009-10-26,23,1.434,1.801
2009-10-26,24,0.351,0.804
2009-10-27,1,0.19,0.307
2009-10-27,2,0.242,0.297
2009-10-27,3,0.209,0.217
2009-10-27,4,0.165,0.246
2009-10-27,5,0.208,0.324
2009-10-27,6,0.152,0.267
2009-10-27,7,0.15,0.163
2009-10-27,8,2.583,3.325
2009-10-27,9,2.839,2.894
2009-10-27,10,0.206,1.702
2009-10-27,11,0.259,0.281
2009-10-27,12,0.13,0.246
2009-10-27,13,0.184,0.202
2009-10-27,14,0.292,0.376
2009-10-27,15,0.267,0.327
2009-10-27,16,0.275,0.29
2009-10-27,17,0.656,2.039
2009-10-27,18,0.929,1.186
2009-10-27,19,1.313,1.636
2009-10-27,20,0.99,1.269
2009-10-27,21,0.938,1.408
2009-10-27,22,0.812,0.967
2009-10-27,23,0.905,1.28
2009-10-27,24,1.019,2.363
2009-10-28,1,0.516,1.576
2009-10-28,2,0.278,0.344
2009-10-28,3,0.135,0.15
2009-10-28,4,0.147,0.246
2009-10-28,5,0.267,0.295
2009-10-28,6,0.151,0.155
2009-10-28,7,0.239,1.379
2009-10-28,8,0.226,1.623
2009-10-28,9,0.312,0.604
2009-10-28,10,0.144,0.262
2009-10-28,11,0.125,0.211
2009-10-28,12,0.256,0.256
2009-10-28,13,0.145,0.221
2009-10-28,14,0.191,0.219
2009-10-28,15,0.125,0.15
2009-10-28,16,0.257,0.371
2009-10-28,17,0.182,1.4
2009-10-28,18,0.489,1.188
2009-10-28,19,1.411,2.743
2009-10-28,20,2.288,2.54
2009-10-28,21,1.036,3.214
2009-10-28,22,0.866,0.959
2009-10-28,23,0.971,0.972
2009-10-28,24,0.995,1.34
2009-10-29,1,0.433,0.851
2009-10-29,2,0.175,0.244
2009-10-29,3,0.191,0.374
2009-10-29,4,0.161,0.288
2009-10-29,5,0.173,0.184
2009-10-29,6,0.245,0.284
2009-10-29,7,0.287,1.417
2009-10-29,8,0.236,2.746
2009-10-29,9,0.146,0.161
2009-10-29,10,0.865,1.112
2009-10-29,11,0.27,0.28
2009-10-29,12,0.143,0.216
2009-10-29,13,0.252,0.3
2009-10-29,14,0.197,0.272
2009-10-29,15,0.246,0.249
2009-10-29,16,0.167,0.177
2009-10-29,17,0.286,1.646
2009-10-29,18,1.194,2.492
2009-10-29,19,1.087,1.255
2009-10-29,20,1.435,1.447
2009-10-29,21,1.131,1.156
2009-10-29,22,0.812,0.894
2009-10-29,23,1.417,2.072
2009-10-29,24,0.44,1.672
2009-10-30,1,0.192,0.254
2009-10-30,2,0.182,0.229
2009-10-30,3,0.196,0.273
2009-10-30,4,0.21,0.278
2009-10-30,5,0.156,0.268
2009-10-30,6,0.17,0.171
2009-10-30,7,0.316,1.544
2009-10-30,8,0.353,1.323
2009-10-30,9,0.745,1.38
2009-10-30,10,1.396,1.452
2009-10-30,11,1.016,1.261
2009-10-30,12,0.931,1.122
2009-10-30,13,0.637,0.679
2009-10-30,14,0.232,0.692
2009-10-30,15,0.128,0.143
2009-10-30,16,0.213,1.114
2009-10-30,17,1.909,2.96
2009-10-30,18,0.857,1.15
2009-10-30,19,0.796,1.396
2009-10-30,20,2.609,3.6
2009-10-30,21,1.492,1.509
2009-10-30,22,2.27,3.606
2009-10-30,23,1.377,2.128
2009-10-30,24,0.689,1.649
2009-10-31,1,0.52,0.639
2009-10-31,2,0.365,0.377
2009-10-31,3,0.271,2.049
2009-10-31,4,0.13,0.145
2009-10-31,5,0.18,0.242
2009-10-31,6,0.226,0.271
2009-10-31,7,0.175,0.186
2009-10-31,8,0.48,1.609
2009-10-31,9,0.145,0.472
2009-10-31,10,0.434,0.657
2009-10-31,11,0.132,0.174
2009-10-31,12,3.026,3.316
2009-10-31,13,0.353,1.739
2009-10-31,14,1.694,2.269
2009-10-31,15,0.423,1.675
2009-10-31,16,0.138,0.893
2009-10-31,17,0.509,0.754
2009-10-31,18,0.908,1.357
2009-10-31,19,1.563,2.406
2009-10-31,20,4.566,4.838
2009-10-31,21,3.77,4.771
2009-10-31,22,0.901,1.525
2009-10-31,23,0.403,0.468
2009-10-31,24,0.479,0.486
2009-11-01,1,0.615,1.168
2009-11-01,2,0.62,0.732
2009-11-01,3,0.377,0.417
2009-11-01,4,0.268,0.292
2009-11-01,5,0.14,0.21
2009-11-01,6,0.126,0.148
2009-11-01,7,0.221,1.52
2009-11-01,8,0.253,1.712
2009-11-01,9,0.183,0.247
2009-11-01,10,0.264,0.31
2009-11-01,11,0.279,0.289
2009-11-01,12,0.474,2.463
2009-11-01,13,0.283,0.311
2009-11-01,14,0.338,0.899
2009-11-01,15,0.274,0.326
2009-11-01,16,0.795,1.972
2009-11-01,17,0.981,2.401
2009-11-01,18,2.309,5.532
2009-11-01,19,3.374,6.725
2009-11-01,20,1.694,2.366
2009-11-01,21,1.105,2.515
2009-11-01,22,0.48,1.023
2009-11-01,23,0.768,0.973
2009-11-01,24,0.727,2.427
2009-11-02,1,0.226,1.514
2009-11-02,2,0.286,0.358
2009-11-02,3,0.165,0.274
2009-11-02,4,0.163,0.279
2009-11-02,5,0.174,0.175
2009-11-02,6,0.238,0.352
2009-11-02,7,0.341,1.48
2009-11-02,8,2.875,2.981
2009-11-02,9,0.68,0.793
2009-11-02,10,0.278,0.5
2009-11-02,11,0.227,0.23
2009-11-02,12,0.149,0.178
2009-11-02,13,0.195,0.273
2009-11-02,14,0.272,0.312
2009-11-02,15,0.162,0.248
2009-11-02,16,0.179,0.206
2009-11-02,17,0.17,1.434
2009-11-02,18,0.321,1.587
2009-11-02,19,0.206,0.289
2009-11-02,20,0.251,0.871
2009-11-02,21,0.947,3.342
2009-11-02,22,1.344,1.93
2009-11-02,23,1.267,1.549
2009-11-02,24,0.801,1.784
2009-11-03,1,0.238,0.393
2009-11-03,2,0.222,0.285
2009-11-03,3,0.194,0.203
2009-11-03,4,0.252,0.346
2009-11-03,5,0.192,0.344
2009-11-03,6,0.171,0.192
2009-11-03,7,0.315,1.454
2009-11-03,8,0.489,1.067
2009-11-03,9,0.265,0.356
2009-11-03,10,0.177,0.207
2009-11-03,11,0.213,0.276
2009-11-03,12,0.235,0.315
2009-11-03,13,0.277,0.29
2009-11-03,14,0.179,0.206
2009-11-03,15,0.211,0.27
2009-11-03,16,0.311,1.53
2009-11-03,17,0.471,2.13
2009-11-03,18,0.592,2.722
2009-11-03,19,0.297,0.311
2009-11-03,20,0.386,0.509
2009-11-03,21,0.717,3.301
2009-11-03,22,1.54,1.567
2009-11-03,23,1.44,1.489
2009-11-03,24,1.002,1.6
2009-11-04,1,0.226,0.306
2009-11-04,2,0.183,0.194
2009-11-04,3,0.282,0.291
2009-11-04,4,0.216,0.306
2009-11-04,5,0.188,0.275
2009-11-04,6,0.157,0.178
2009-11-04,7,0.18,0.303
2009-11-04,8,0.685,1.199
2009-11-04,9,0.158,0.489
2009-11-04,10,0.302,0.433
2009-11-04,11,0.175,0.176
2009-11-04,12,0.308,0.346
2009-11-04,13,0.178,0.221
2009-11-04,14,0.156,0.178
2009-11-04,15,0.224,0.242
2009-11-04,16,0.205,0.287
2009-11-04,17,0.324,1.656
2009-11-04,18,0.256,1.268
2009-11-04,19,0.197,0.198
2009-11-04,20,0.768,2.352
2009-11-04,21,1.597,2.796
2009-11-04,22,1.399,1.411
2009-11-04,23,1.56,1.653
2009-11-04,24,0.978,1.022
2009-11-05,1,0.22,0.259
2009-11-05,2,0.227,0.292
2009-11-05,3,0.18,0.29
2009-11-05,4,0.271,0.377
2009-11-05,5,0.176,0.192
2009-11-05,6,0.234,0.28
2009-11-05,7,0.237,1.65
2009-11-05,8,0.307,0.998
2009-11-05,9,0.179,0.289
2009-11-05,10,0.336,0.374
2009-11-05,11,0.544,1.159
2009-11-05,12,0.236,0.304
2009-11-05,13,0.761,1.28
2009-11-05,14,1.266,2.035
2009-11-05,15,0.422,0.654
2009-11-05,16,0.403,1.056
2009-11-05,17,0.368,2.927
2009-11-05,18,1.566,2.545
2009-11-05,19,0.9,1.746
2009-11-05,20,0.808,0.92
2009-11-05,21,1.485,1.823
2009-11-05,22,1.307,1.462
2009-11-05,23,1.317,1.553
2009-11-05,24,0.424,1.318
2009-11-06,1,0.332,0.466
2009-11-06,2,0.203,0.228
2009-11-06,3,0.173,0.3
2009-11-06,4,0.299,0.33
2009-11-06,5,0.207,0.218
2009-11-06,6,0.214,0.275
2009-11-06,7,0.234,0.349
2009-11-06,8,0.417,0.751
2009-11-06,9,0.859,1.32
2009-11-06,10,1.426,1.986
2009-11-06,11,0.923,1.263
2009-11-06,12,0.484,0.494
2009-11-06,13,0.243,0.279
2009-11-06,14,0.18,0.844
2009-11-06,15,0.348,0.374
2009-11-06,16,0.251,0.321
2009-11-06,17,0.34,2.032
2009-11-06,18,1.034,1.583
2009-11-06,19,0.22,0.489
2009-11-06,20,0.226,0.312
2009-11-06,21,0.219,0.307
2009-11-06,22,0.357,0.372
2009-11-06,23,0.198,0.217
2009-11-06,24,0.217,0.239
2009-11-07,1,0.292,0.336
2009-11-07,2,0.184,0.304
2009-11-07,3,0.217,0.24
2009-11-07,4,0.152,0.176
2009-11-07,5,0.172,0.303
2009-11-07,6,0.191,0.367
2009-11-07,7,0.15,1.413
2009-11-07,8,0.273,1.426
2009-11-07,9,0.158,0.164
2009-11-07,10,0.279,0.295
2009-11-07,11,0.163,0.273
2009-11-07,12,0.148,0.172
2009-11-07,13,0.171,0.245
2009-11-07,14,0.206,0.254
2009-11-07,15,0.191,0.29
2009-11-07,16,0.583,0.696
2009-11-07,17,0.519,1.835
2009-11-07,18,0.711,1.229
2009-11-07,19,0.819,2.073
2009-11-07,20,0.411,1.764
2009-11-07,21,0.344,0.398
2009-11-07,22,0.344,0.561
2009-11-07,23,0.444,1.228
2009-11-07,24,0.225,0.23
2009-11-08,1,0.216,0.307
2009-11-08,2,0.256,0.273
2009-11-08,3,0.22,0.346
2009-11-08,4,0.244,0.261
2009-11-08,5,0.172,0.191
2009-11-08,6,0.179,0.302
2009-11-08,7,0.294,0.429
2009-11-08,8,0.223,0.275
2009-11-08,9,0.246,0.395
2009-11-08,10,0.168,0.297
2009-11-08,11,0.313,0.672
2009-11-08,12,0.293,0.382
2009-11-08,13,0.285,0.341
2009-11-08,14,0.416,0.473
2009-11-08,15,0.272,0.296
2009-11-08,16,0.296,0.352
2009-11-08,17,0.387,1.796
2009-11-08,18,0.413,2.085
2009-11-08,19,0.5,1.776
2009-11-08,20,3.107,3.564
2009-11-08,21,2.38,2.403
2009-11-08,22,2.09,2.225
2009-11-08,23,1.904,1.969
2009-11-08,24,0.246,0.437
2009-11-09,1,0.209,0.308
2009-11-09,2,0.231,0.241
2009-11-09,3,0.227,0.295
2009-11-09,4,0.187,0.251
2009-11-09,5,0.151,0.17
2009-11-09,6,0.227,0.41
2009-11-09,7,0.286,1.394
2009-11-09,8,0.285,2.604
2009-11-09,9,0.914,1.462
2009-11-09,10,0.868,1.661
2009-11-09,11,0.907,1.527
2009-11-09,12,0.836,0.865
2009-11-09,13,0.864,1.163
2009-11-09,14,0.843,0.984
2009-11-09,15,0.851,0.854
2009-11-09,16,0.923,0.93
2009-11-09,17,1.014,1.135
2009-11-09,18,2.256,2.938
2009-11-09,19,1.054,1.256
2009-11-09,20,1.775,2.909
2009-11-09,21,1.153,1.497
2009-11-09,22,1.079,1.157
2009-11-09,23,0.777,1.17
2009-11-09,24,0.773,1.004
2009-11-10,1,0.532,0.565
2009-11-10,2,0.428,0.475
2009-11-10,3,0.566,0.642
2009-11-10,4,0.173,0.362
2009-11-10,5,0.161,0.161
2009-11-10,6,0.264,0.318
2009-11-10,7,0.332,1.5
2009-11-10,8,0.534,0.992
2009-11-10,9,0.307,0.385
2009-11-10,10,1.152,1.179
2009-11-10,11,0.585,0.619
2009-11-10,12,0.516,0.793
2009-11-10,13,0.601,0.687
2009-11-10,14,0.559,1.349
2009-11-10,15,0.874,1.748
2009-11-10,16,0.915,1.654
2009-11-10,17,0.378,0.577
2009-11-10,18,2.358,3.101
2009-11-10,19,0.692,0.822
2009-11-10,20,0.721,1.344
2009-11-10,21,1.171,2.2
2009-11-10,22,1.182,1.228
2009-11-10,23,1.366,1.464
2009-11-10,24,1.011,1.455
2009-11-11,1,0.241,0.47
2009-11-11,2,0.214,0.229
2009-11-11,3,0.326,0.359
2009-11-11,4,0.161,0.18
2009-11-11,5,0.168,0.188
2009-11-11,6,0.285,0.321
2009-11-11,7,0.239,0.269
2009-11-11,8,0.259,0.319
2009-11-11,9,0.766,1.863
2009-11-11,10,1.07,1.189
2009-11-11,11,0.693,0.752
2009-11-11,12,1.015,1.138
2009-11-11,13,1.176,1.676
2009-11-11,14,1.141,1.318
2009-11-11,15,1.038,1.069
2009-11-11,16,1.526,2.081
2009-11-11,17,2.071,2.176
2009-11-11,18,2.902,3.016
2009-11-11,19,2.478,2.634
2009-11-11,20,2.166,3.171
2009-11-11,21,1.1,1.51
2009-11-11,22,0.975,1.336
2009-11-11,23,0.97,1.443
2009-11-11,24,0.207,0.559
2009-11-12,1,0.195,0.264
2009-11-12,2,0.223,0.251
2009-11-12,3,0.248,0.296
2009-11-12,4,0.241,0.268
2009-11-12,5,0.175,0.193
2009-11-12,6,0.193,0.336
2009-11-12,7,0.192,0.39
2009-11-12,8,0.234,0.281
2009-11-12,9,0.99,1.211
2009-11-12,10,0.311,0.938
2009-11-12,11,0.188,0.249
2009-11-12,12,0.251,0.278
2009-11-12,13,0.203,0.29
2009-11-12,14,0.29,0.33
2009-11-12,15,0.191,0.223
2009-11-12,16,0.204,0.444
2009-11-12,17,0.338,0.5
2009-11-12,18,1.993,2.024
2009-11-12,19,0.588,0.743
2009-11-12,20,0.224,0.241
2009-11-12,21,0.213,0.415
2009-11-12,22,0.334,0.53
2009-11-12,23,0.257,1.305
2009-11-12,24,0.286,0.349
2009-11-13,1,0.31,0.334
2009-11-13,2,0.218,0.228
2009-11-13,3,0.164,0.251
2009-11-13,4,0.16,0.173
2009-11-13,5,0.296,0.378
2009-11-13,6,0.15,0.197
2009-11-13,7,0.17,1.412
2009-11-13,8,0.267,0.901
2009-11-13,9,0.46,1.041
2009-11-13,10,0.946,1.49
2009-11-13,11,0.677,0.78
2009-11-13,12,0.551,0.611
2009-11-13,13,0.299,0.65
2009-11-13,14,0.151,0.166
2009-11-13,15,1.159,1.181
2009-11-13,16,0.221,0.257
2009-11-13,17,0.426,0.429
2009-11-13,18,1.53,1.788
2009-11-13,19,1.521,1.685
2009-11-13,20,0.657,1.218
2009-11-13,21,0.382,0.47
2009-11-13,22,0.384,0.404
2009-11-13,23,0.446,0.582
2009-11-13,24,0.481,0.625
2009-11-14,1,0.876,0.986
2009-11-14,2,0.167,0.311
2009-11-14,3,0.178,0.191
2009-11-14,4,0.22,0.281
2009-11-14,5,0.242,0.311
2009-11-14,6,0.206,0.24
2009-11-14,7,0.277,1.43
2009-11-14,8,0.17,0.443
2009-11-14,9,0.188,0.328
2009-11-14,10,0.289,0.308
2009-11-14,11,0.161,0.23
2009-11-14,12,0.866,1.156
2009-11-14,13,0.275,0.341
2009-11-14,14,1.07,2.412
2009-11-14,15,1.722,1.941
2009-11-14,16,0.28,0.444
2009-11-14,17,0.686,1.844
2009-11-14,18,0.541,1.583
2009-11-14,19,0.235,0.301
2009-11-14,20,0.194,0.243
2009-11-14,21,0.327,0.36
2009-11-14,22,0.193,0.335
2009-11-14,23,0.201,0.244
2009-11-14,24,0.209,0.314
2009-11-15,1,0.3,0.323
2009-11-15,2,0.167,0.197
2009-11-15,3,0.165,0.273
2009-11-15,4,0.145,0.168
2009-11-15,5,0.245,0.37
2009-11-15,6,0.166,0.215
2009-11-15,7,0.144,0.163
2009-11-15,8,0.21,0.227
2009-11-15,9,0.143,0.272
2009-11-15,10,2.677,2.735
2009-11-15,11,0.157,0.247
2009-11-15,12,0.145,0.167
2009-11-15,13,0.176,0.249
2009-11-15,14,0.271,0.282
2009-11-15,15,0.149,0.191
2009-11-15,16,0.186,0.266
2009-11-15,17,0.269,0.537
2009-11-15,18,0.987,1.57
2009-11-15,19,1.512,1.875
2009-11-15,20,0.724,0.774
2009-11-15,21,1.324,2.119
2009-11-15,22,0.999,1.045
2009-11-15,23,0.325,0.779
2009-11-15,24,0.289,0.314
2009-11-16,1,0.246,0.293
2009-11-16,2,0.175,0.221
2009-11-16,3,0.172,0.276
2009-11-16,4,0.199,0.356
2009-11-16,5,0.155,0.165
2009-11-16,6,0.142,0.296
2009-11-16,7,0.367,0.389
2009-11-16,8,0.166,0.267
2009-11-16,9,0.618,0.682
2009-11-16,10,0.397,1.566
2009-11-16,11,0.305,0.388
2009-11-16,12,0.218,0.24
2009-11-16,13,0.2,0.214
2009-11-16,14,0.321,0.408
2009-11-16,15,0.275,0.33
2009-11-16,16,0.269,0.394
2009-11-16,17,0.438,0.604
2009-11-16,18,0.88,0.89
2009-11-16,19,1.697,1.757
2009-11-16,20,1.112,1.389
2009-11-16,21,0.712,1.47
2009-11-16,22,1.012,1.338
2009-11-16,23,1.05,1.317
2009-11-16,24,0.943,0.962
2009-11-17,1,0.253,0.461
2009-11-17,2,0.308,0.327
2009-11-17,3,0.168,0.255
2009-11-17,4,0.149,0.27
2009-11-17,5,0.144,0.189
2009-11-17,6,0.278,0.279
2009-11-17,7,0.201,0.243
2009-11-17,8,0.209,0.486
2009-11-17,9,0.518,0.526
2009-11-17,10,0.559,1.771
2009-11-17,11,0.42,0.463
2009-11-17,12,0.544,0.698
2009-11-17,13,0.433,0.451
2009-11-17,14,0.813,0.951
2009-11-17,15,0.273,0.401
2009-11-17,16,0.687,0.991
2009-11-17,17,1.023,1.108
2009-11-17,18,1.188,1.562
2009-11-17,19,1.596,1.709
2009-11-17,20,0.836,2.034
2009-11-17,21,1.527,1.888
2009-11-17,22,1.081,1.623
2009-11-17,23,0.746,1.522
2009-11-17,24,0.171,0.354
2009-11-18,1,0.182,0.217
2009-11-18,2,0.161,0.238
2009-11-18,3,0.208,0.259
2009-11-18,4,0.177,0.198
2009-11-18,5,0.136,0.142
2009-11-18,6,0.113,0.321
2009-11-18,7,0.131,0.288
2009-11-18,8,0.197,0.228
2009-11-18,9,0.514,0.827
2009-11-18,10,2.343,3.777
2009-11-18,11,0.861,1.58
2009-11-18,12,1.534,1.616
2009-11-18,13,0.722,1.136
2009-11-18,14,0.633,0.831
2009-11-18,15,0.565,0.785
2009-11-18,16,0.953,1.17
2009-11-18,17,1.649,1.939
2009-11-18,18,0.254,0.932
2009-11-18,19,0.632,1.182
2009-11-18,20,1.872,2.902
2009-11-18,21,0.467,0.561
2009-11-18,22,0.559,0.577
2009-11-18,23,0.641,0.869
2009-11-18,24,0.59,2.985
2009-11-19,1,0.183,1.523
2009-11-19,2,0.19,0.248
2009-11-19,3,0.23,0.284
2009-11-19,4,0.116,0.199
2009-11-19,5,0.126,0.197
2009-11-19,6,0.139,0.219
2009-11-19,7,1.038,1.304
2009-11-19,8,0.146,0.234
2009-11-19,9,0.231,0.287
2009-11-19,10,0.319,1.272
2009-11-19,11,0.211,0.22
2009-11-19,12,0.139,0.156
2009-11-19,13,0.564,0.758
2009-11-19,14,0.9,1.016
2009-11-19,15,0.792,0.987
2009-11-19,16,0.767,0.871
2009-11-19,17,0.822,1.027
2009-11-19,18,1.228,1.448
2009-11-19,19,1.252,1.362
2009-11-19,20,1.876,1.925
2009-11-19,21,1.056,2.527
2009-11-19,22,1.005,1.101
2009-11-19,23,1.192,1.714
2009-11-19,24,0.392,1.068
2009-11-20,1,0.219,0.254
2009-11-20,2,0.266,0.314
2009-11-20,3,0.145,0.205
2009-11-20,4,0.133,0.134
2009-11-20,5,0.292,0.362
2009-11-20,6,0.143,0.23
2009-11-20,7,0.651,0.687
2009-11-20,8,0.144,0.393
2009-11-20,9,0.315,0.432
2009-11-20,10,0.122,0.757
2009-11-20,11,0.142,0.189
2009-11-20,12,0.196,0.64
2009-11-20,13,0.275,1.259
2009-11-20,14,0.164,0.556
2009-11-20,15,0.157,0.394
2009-11-20,16,0.604,0.973
2009-11-20,17,0.177,1.484
2009-11-20,18,1.652,2.014
2009-11-20,19,1.346,1.563
2009-11-20,20,0.966,1.523
2009-11-20,21,0.28,0.303
2009-11-20,22,0.3,0.349
2009-11-20,23,0.236,0.326
2009-11-20,24,0.264,0.296
2009-11-21,1,0.477,0.478
2009-11-21,2,0.77,1.305
2009-11-21,3,0.358,1.248
2009-11-21,4,0.257,0.283
2009-11-21,5,0.293,0.344
2009-11-21,6,0.149,0.24
2009-11-21,7,0.735,0.819
2009-11-21,8,0.358,0.412
2009-11-21,9,0.247,0.324
2009-11-21,10,0.161,0.225
2009-11-21,11,0.147,0.151
2009-11-21,12,0.451,0.617
2009-11-21,13,0.148,0.311
2009-11-21,14,0.134,0.136
2009-11-21,15,0.725,0.844
2009-11-21,16,0.597,0.731
2009-11-21,17,0.735,1.774
2009-11-21,18,1.12,3.282
2009-11-21,19,1.167,1.476
2009-11-21,20,2.446,2.62
2009-11-21,21,1.8,3.397
2009-11-21,22,1.638,2.555
2009-11-21,23,1.271,1.437
2009-11-21,24,0.288,0.57
2009-11-22,1,0.291,0.316
2009-11-22,2,0.239,0.246
2009-11-22,3,0.167,0.269
2009-11-22,4,0.382,1.761
2009-11-22,5,0.623,1.07
2009-11-22,6,0.132,0.145
2009-11-22,7,0.146,0.22
2009-11-22,8,0.182,0.201
2009-11-22,9,0.295,0.33
2009-11-22,10,0.171,0.335
2009-11-22,11,0.142,0.142
2009-11-22,12,0.156,1.098
2009-11-22,13,1.048,2.92
2009-11-22,14,0.32,0.453
2009-11-22,15,0.186,0.465
2009-11-22,16,0.194,0.274
2009-11-22,17,0.529,1.007
2009-11-22,18,0.536,1.225
2009-11-22,19,0.568,0.613
2009-11-22,20,0.491,0.605
2009-11-22,21,0.548,0.587
2009-11-22,22,0.537,0.573
2009-11-22,23,1.161,2.909
2009-11-22,24,0.734,2.356
2009-11-23,1,0.299,0.311
2009-11-23,2,0.161,0.281
2009-11-23,3,0.151,0.241
2009-11-23,4,0.116,0.211
2009-11-23,5,0.137,0.147
2009-11-23,6,0.281,0.317
2009-11-23,7,0.124,0.168
2009-11-23,8,0.135,0.237
2009-11-23,9,0.4,0.654
2009-11-23,10,0.266,0.289
2009-11-23,11,0.163,0.305
2009-11-23,12,0.113,0.133
2009-11-23,13,0.139,0.223
2009-11-23,14,0.139,0.16
2009-11-23,15,0.219,0.252
2009-11-23,16,0.163,0.239
2009-11-23,17,0.142,0.148
2009-11-23,18,0.234,0.573
2009-11-23,19,0.793,1.204
2009-11-23,20,0.864,1.24
2009-11-23,21,1.341,1.374
2009-11-23,22,0.862,3.192
2009-11-23,23,1.374,1.479
2009-11-23,24,1.169,1.193
2009-11-24,1,0.26,0.273
2009-11-24,2,0.187,0.271
2009-11-24,3,0.243,0.294
2009-11-24,4,0.137,0.143
2009-11-24,5,0.164,0.218
2009-11-24,6,0.209,0.264
2009-11-24,7,0.23,0.236
2009-11-24,8,0.243,0.405
2009-11-24,9,0.19,0.44
2009-11-24,10,0.302,0.616
2009-11-24,11,0.951,1.043
2009-11-24,12,1.185,2.278
2009-11-24,13,1.091,3.454
2009-11-24,14,0.673,1.5
2009-11-24,15,2.413,3.353
2009-11-24,16,0.577,0.616
2009-11-24,17,0.255,0.309
2009-11-24,18,0.352,0.359
2009-11-24,19,0.256,0.265
2009-11-24,20,0.191,0.296
2009-11-24,21,0.234,0.412
2009-11-24,22,0.872,1.834
2009-11-24,23,1.266,1.401
2009-11-24,24,0.616,0.704
2009-11-25,1,0.244,1.266
2009-11-25,2,0.2,0.234
2009-11-25,3,0.251,0.26
2009-11-25,4,0.205,0.283
2009-11-25,5,0.158,0.227
2009-11-25,6,0.14,0.187
2009-11-25,7,0.231,0.257
2009-11-25,8,0.244,0.32
2009-11-25,9,0.328,0.707
2009-11-25,10,0.347,0.357
2009-11-25,11,0.279,0.314
2009-11-25,12,0.137,0.216
2009-11-25,13,0.187,0.257
2009-11-25,14,0.143,0.165
2009-11-25,15,1.336,2.468
2009-11-25,16,0.146,0.325
2009-11-25,17,0.171,0.196
2009-11-25,18,0.258,0.287
2009-11-25,19,0.266,0.274
2009-11-25,20,2.728,2.941
2009-11-25,21,1.616,1.904
2009-11-25,22,1.232,3.112
2009-11-25,23,0.745,2.464
2009-11-25,24,0.276,0.3
2009-11-26,1,0.191,0.261
2009-11-26,2,0.165,0.231
2009-11-26,3,0.236,0.372
2009-11-26,4,0.152,0.179
2009-11-26,5,0.194,0.316
2009-11-26,6,0.143,0.164
2009-11-26,7,0.288,0.346
2009-11-26,8,0.168,0.215
2009-11-26,9,0.248,0.306
2009-11-26,10,0.528,0.877
2009-11-26,11,0.293,0.338
2009-11-26,12,0.167,0.229
2009-11-26,13,0.132,0.147
2009-11-26,14,0.247,0.327
2009-11-26,15,0.277,0.479
2009-11-26,16,0.37,0.388
2009-11-26,17,0.43,0.496
2009-11-26,18,0.149,0.171
2009-11-26,19,0.228,0.293
2009-11-26,20,0.197,0.298
2009-11-26,21,0.171,0.226
2009-11-26,22,0.183,0.206
2009-11-26,23,0.154,0.171
2009-11-26,24,0.193,0.271
2009-11-27,1,0.23,0.305
2009-11-27,2,0.174,0.274
2009-11-27,3,0.117,0.15
2009-11-27,4,0.116,0.138
2009-11-27,5,0.136,0.227
2009-11-27,6,0.131,0.261
2009-11-27,7,0.214,0.234
2009-11-27,8,0.127,0.133
2009-11-27,9,0.143,0.164
2009-11-27,10,0.167,0.199
2009-11-27,11,0.138,0.425
2009-11-27,12,0.144,0.316
2009-11-27,13,0.283,0.338
2009-11-27,14,0.179,0.471
2009-11-27,15,0.216,0.278
2009-11-27,16,0.196,0.227
2009-11-27,17,0.228,0.322
2009-11-27,18,0.187,0.293
2009-11-27,19,0.139,0.186
2009-11-27,20,0.133,0.255
2009-11-27,21,0.135,0.154
2009-11-27,22,0.152,0.246
2009-11-27,23,0.138,0.262
2009-11-27,24,0.171,0.262
2009-11-28,1,0.163,0.236
2009-11-28,2,0.131,0.132
2009-11-28,3,0.117,0.205
2009-11-28,4,0.115,0.152
2009-11-28,5,0.116,0.134
2009-11-28,6,0.272,0.276
2009-11-28,7,0.169,0.173
2009-11-28,8,0.119,0.244
2009-11-28,9,0.173,0.262
2009-11-28,10,0.115,0.134
2009-11-28,11,0.155,0.204
2009-11-28,12,0.133,0.163
2009-11-28,13,0.353,0.475
2009-11-28,14,0.13,0.235
2009-11-28,15,0.123,0.13
2009-11-28,16,0.368,0.369
2009-11-28,17,0.302,0.33
2009-11-28,18,0.13,0.216
2009-11-28,19,0.251,0.328
2009-11-28,20,0.131,0.155
2009-11-28,21,0.197,0.202
2009-11-28,22,0.14,0.143
2009-11-28,23,0.133,0.152
2009-11-28,24,0.161,0.23
2009-11-29,1,0.135,0.14
2009-11-29,2,0.186,0.301
2009-11-29,3,0.131,0.247
2009-11-29,4,0.112,0.13
2009-11-29,5,0.127,0.204
2009-11-29,6,0.113,0.131
2009-11-29,7,0.113,0.132
2009-11-29,8,0.148,0.185
2009-11-29,9,0.131,0.374
2009-11-29,10,0.408,0.46
2009-11-29,11,0.473,0.61
2009-11-29,12,0.341,0.348
2009-11-29,13,0.374,0.377
2009-11-29,14,0.117,0.12
2009-11-29,15,0.135,0.177
2009-11-29,16,0.121,0.19
2009-11-29,17,0.692,1.363
2009-11-29,18,0.828,0.97
2009-11-29,19,0.782,1.525
2009-11-29,20,1.386,2.793
2009-11-29,21,1.351,1.477
2009-11-29,22,1.524,1.685
2009-11-29,23,0.206,1.085
2009-11-29,24,0.16,0.175
2009-11-30,1,0.186,0.257
2009-11-30,2,0.239,0.269
2009-11-30,3,0.114,0.151
2009-11-30,4,0.128,0.225
2009-11-30,5,0.114,0.164
2009-11-30,6,0.132,0.183
2009-11-30,7,0.17,0.325
2009-11-30,8,0.199,0.321
2009-11-30,9,0.306,0.519
2009-11-30,10,0.117,0.255
2009-11-30,11,0.128,0.224
2009-11-30,12,0.235,0.245
2009-11-30,13,0.125,0.126
2009-11-30,14,0.13,0.234
2009-11-30,15,0.12,0.137
2009-11-30,16,0.134,0.204
2009-11-30,17,0.154,0.279
2009-11-30,18,0.445,0.529
2009-11-30,19,1.755,2.368
2009-11-30,20,2.034,3.055
2009-11-30,21,1.667,1.958
2009-11-30,22,0.487,0.618
2009-11-30,23,0.473,1.128
2009-11-30,24,0.194,0.331
2009-12-01,1,0.301,0.323
2009-12-01,2,0.245,0.268
2009-12-01,3,0.17,0.195
2009-12-01,4,0.148,0.167
2009-12-01,5,0.158,0.357
2009-12-01,6,0.188,0.283
2009-12-01,7,0.147,0.166
2009-12-01,8,0.21,0.695
2009-12-01,9,0.267,0.298
2009-12-01,10,0.311,0.321
2009-12-01,11,0.296,0.821
2009-12-01,12,0.201,0.215
2009-12-01,13,0.678,1.307
2009-12-01,14,0.474,0.502
2009-12-01,15,0.232,0.328
2009-12-01,16,0.239,0.436
2009-12-01,17,0.564,1.157
2009-12-01,18,1.327,1.43
2009-12-01,19,1.604,1.753
2009-12-01,20,1.384,2.746
2009-12-01,21,1.994,3.157
2009-12-01,22,1.694,1.735
2009-12-01,23,1.097,1.662
2009-12-01,24,0.798,1.264
2009-12-02,1,0.349,0.388
2009-12-02,2,0.209,0.309
2009-12-02,3,0.219,0.249
2009-12-02,4,0.219,0.347
2009-12-02,5,0.191,0.292
2009-12-02,6,0.214,0.214
2009-12-02,7,0.194,0.221
2009-12-02,8,0.358,0.486
2009-12-02,9,0.544,0.558
2009-12-02,10,0.554,1.227
2009-12-02,11,0.995,1.816
2009-12-02,12,0.209,0.334
2009-12-02,13,0.229,0.23
2009-12-02,14,0.203,0.229
2009-12-02,15,0.28,0.345
2009-12-02,16,0.199,0.27
2009-12-02,17,0.229,0.287
2009-12-02,18,0.327,0.672
2009-12-02,19,0.784,2.178
2009-12-02,20,2.008,2.398
2009-12-02,21,1.131,1.197
2009-12-02,22,2.133,2.295
2009-12-02,23,0.289,0.709
2009-12-02,24,0.187,0.271
2009-12-03,1,0.21,0.291
2009-12-03,2,0.135,0.175
2009-12-03,3,0.12,0.137
2009-12-03,4,0.236,0.254
2009-12-03,5,0.115,0.134
2009-12-03,6,0.135,0.147
2009-12-03,7,0.114,0.159
2009-12-03,8,0.443,0.514
2009-12-03,9,0.466,0.676
2009-12-03,10,0.233,1.857
2009-12-03,11,0.415,2.324
2009-12-03,12,0.303,1.769
2009-12-03,13,0.16,1.969
2009-12-03,14,0.171,0.227
2009-12-03,15,0.151,0.284
2009-12-03,16,0.139,0.295
2009-12-03,17,0.124,0.72
2009-12-03,18,0.701,0.788
2009-12-03,19,0.801,1.023
2009-12-03,20,0.673,0.996
2009-12-03,21,0.664,0.801
2009-12-03,22,1.152,1.587
2009-12-03,23,0.646,0.835
2009-12-03,24,0.86,1.459
2009-12-04,1,0.252,0.341
2009-12-04,2,0.257,0.347
2009-12-04,3,0.232,0.236
2009-12-04,4,0.13,0.133
2009-12-04,5,0.185,0.237
2009-12-04,6,0.186,0.25
2009-12-04,7,0.169,0.184
2009-12-04,8,0.191,0.232
2009-12-04,9,1.125,1.747
2009-12-04,10,1.061,1.306
2009-12-04,11,0.853,0.926
2009-12-04,12,1.366,1.591
2009-12-04,13,1.274,1.304
2009-12-04,14,1.447,1.628
2009-12-04,15,0.125,0.741
2009-12-04,16,0.137,0.209
2009-12-04,17,0.406,0.418
2009-12-04,18,0.384,0.394
2009-12-04,19,0.674,1.631
2009-12-04,20,0.424,0.554
2009-12-04,21,0.406,0.565
2009-12-04,22,0.465,0.581
2009-12-04,23,0.404,0.496
2009-12-04,24,0.383,0.409
2009-12-05,1,0.542,1.294
2009-12-05,2,0.171,0.405
2009-12-05,3,0.137,0.195
2009-12-05,4,0.115,0.249
2009-12-05,5,0.201,0.271
2009-12-05,6,0.165,0.192
2009-12-05,7,0.131,0.136
2009-12-05,8,0.159,0.268
2009-12-05,9,0.162,0.263
2009-12-05,10,0.225,0.264
2009-12-05,11,0.221,0.354
2009-12-05,12,0.38,0.973
2009-12-05,13,0.165,0.732
2009-12-05,14,0.116,0.279
2009-12-05,15,0.136,0.269
2009-12-05,16,0.203,0.248
2009-12-05,17,0.15,0.221
2009-12-05,18,0.236,0.251
2009-12-05,19,0.319,0.377
2009-12-05,20,0.239,0.361
2009-12-05,21,0.158,0.245
2009-12-05,22,0.175,0.223
2009-12-05,23,0.206,0.306
2009-12-05,24,0.264,0.286
2009-12-06,1,0.155,0.166
2009-12-06,2,0.186,0.208
2009-12-06,3,0.137,0.237
2009-12-06,4,0.164,0.312
2009-12-06,5,0.121,0.136
2009-12-06,6,0.165,0.185
2009-12-06,7,0.118,0.194
2009-12-06,8,0.204,0.32
2009-12-06,9,0.123,0.129
2009-12-06,10,0.131,0.208
2009-12-06,11,0.121,0.13
2009-12-06,12,0.236,0.254
2009-12-06,13,0.136,0.22
2009-12-06,14,0.12,0.213
2009-12-06,15,0.141,0.151
2009-12-06,16,0.116,0.202
2009-12-06,17,0.229,0.328
2009-12-06,18,0.262,0.334
2009-12-06,19,0.247,0.276
2009-12-06,20,0.166,0.292
2009-12-06,21,0.164,1.897
2009-12-06,22,1.322,1.49
2009-12-06,23,0.65,1.683
2009-12-06,24,0.157,0.218
2009-12-07,1,0.27,0.293
2009-12-07,2,0.195,0.274
2009-12-07,3,0.135,0.165
2009-12-07,4,0.113,0.193
2009-12-07,5,0.16,0.189
2009-12-07,6,0.256,0.257
2009-12-07,7,0.117,0.154
2009-12-07,8,0.224,0.282
2009-12-07,9,0.75,1.344
2009-12-07,10,1.327,1.805
2009-12-07,11,1.051,1.514
2009-12-07,12,0.399,0.402
2009-12-07,13,0.386,0.557
2009-12-07,14,0.406,0.53
2009-12-07,15,0.473,0.558
2009-12-07,16,0.391,0.466
2009-12-07,17,0.221,0.271
2009-12-07,18,0.355,1.555
2009-12-07,19,0.641,1.317
2009-12-07,20,0.602,0.603
2009-12-07,21,0.657,1.911
2009-12-07,22,2.128,2.356
2009-12-07,23,1.026,1.448
2009-12-07,24,0.496,0.846
2009-12-08,1,0.218,0.33
2009-12-08,2,0.227,0.293
2009-12-08,3,0.136,0.161
2009-12-08,4,0.191,0.202
2009-12-08,5,0.213,0.331
2009-12-08,6,0.189,0.234
2009-12-08,7,0.138,0.29
2009-12-08,8,0.289,0.417
2009-12-08,9,0.496,1.218
2009-12-08,10,0.642,0.924
2009-12-08,11,0.356,0.477
2009-12-08,12,0.374,0.47
2009-12-08,13,0.646,0.719
2009-12-08,14,0.248,0.398
2009-12-08,15,0.233,0.256
2009-12-08,16,0.22,0.231
2009-12-08,17,0.532,0.594
2009-12-08,18,0.637,0.868
2009-12-08,19,0.588,0.629
2009-12-08,20,0.602,1.251
2009-12-08,21,1.131,1.794
2009-12-08,22,1.769,3.057
2009-12-08,23,1.23,1.242
2009-12-08,24,1.132,1.471
2009-12-09,1,0.164,0.283
2009-12-09,2,0.243,0.311
2009-12-09,3,0.142,0.172
2009-12-09,4,0.123,0.227
2009-12-09,5,0.141,0.308
2009-12-09,6,0.139,0.195
2009-12-09,7,0.163,0.269
2009-12-09,8,0.332,0.348
2009-12-09,9,0.249,0.83
2009-12-09,10,0.157,0.276
2009-12-09,11,0.138,0.248
2009-12-09,12,0.157,0.192
2009-12-09,13,0.145,0.178
2009-12-09,14,0.143,0.336
2009-12-09,15,0.14,0.142
2009-12-09,16,0.18,0.212
2009-12-09,17,0.714,0.89
2009-12-09,18,1.118,1.132
2009-12-09,19,1.173,1.236
2009-12-09,20,1.137,2.475
2009-12-09,21,1.648,2.015
2009-12-09,22,1.216,1.581
2009-12-09,23,1.203,1.405
2009-12-09,24,0.354,0.561
2009-12-10,1,0.182,0.183
2009-12-10,2,0.167,0.241
2009-12-10,3,0.173,0.258
2009-12-10,4,0.161,0.342
2009-12-10,5,0.139,0.156
2009-12-10,6,0.134,0.242
2009-12-10,7,0.256,0.379
2009-12-10,8,0.24,0.307
2009-12-10,9,0.201,0.234
2009-12-10,10,0.24,0.786
2009-12-10,11,0.244,0.253
2009-12-10,12,0.67,0.706
2009-12-10,13,0.209,0.332
2009-12-10,14,0.926,1.601
2009-12-10,15,0.185,0.247
2009-12-10,16,0.121,0.143
2009-12-10,17,0.144,0.238
2009-12-10,18,1.417,2.472
2009-12-10,19,1.279,1.369
2009-12-10,20,0.981,2.532
2009-12-10,21,1.753,2.173
2009-12-10,22,1.145,1.211
2009-12-10,23,0.44,1.354
2009-12-10,24,0.353,0.366
2009-12-11,1,0.186,0.21
2009-12-11,2,0.222,0.248
2009-12-11,3,0.257,0.282
2009-12-11,4,0.186,0.221
2009-12-11,5,0.149,0.161
2009-12-11,6,0.218,0.288
2009-12-11,7,0.243,0.287
2009-12-11,8,0.291,0.437
2009-12-11,9,0.722,1.452
2009-12-11,10,0.852,0.987
2009-12-11,11,0.848,1.066
2009-12-11,12,0.431,0.965
2009-12-11,13,0.146,0.268
2009-12-11,14,0.181,0.337
2009-12-11,15,0.157,0.204
2009-12-11,16,0.159,0.342
2009-12-11,17,0.415,0.861
2009-12-11,18,0.662,0.77
2009-12-11,19,0.932,1.689
2009-12-11,20,0.74,2.182
2009-12-11,21,1.992,2.002
2009-12-11,22,0.479,0.53
2009-12-11,23,0.498,0.5
2009-12-11,24,0.531,0.769
2009-12-12,1,0.475,0.521
2009-12-12,2,0.187,0.388
2009-12-12,3,0.24,0.297
2009-12-12,4,0.169,0.189
2009-12-12,5,0.126,0.127
2009-12-12,6,0.214,0.221
2009-12-12,7,0.142,0.262
2009-12-12,8,0.142,0.228
2009-12-12,9,0.206,0.512
2009-12-12,10,0.49,0.578
2009-12-12,11,0.192,0.242
2009-12-12,12,0.17,0.217
2009-12-12,13,0.149,0.952
2009-12-12,14,0.333,1.141
2009-12-12,15,0.285,0.38
2009-12-12,16,0.269,0.272
2009-12-12,17,0.388,0.499
2009-12-12,18,1.442,2.315
2009-12-12,19,1.948,2.062
2009-12-12,20,1.751,1.982
2009-12-12,21,1.91,1.954
2009-12-12,22,1.83,2.762
2009-12-12,23,0.297,1.478
2009-12-12,24,0.242,0.321
2009-12-13,1,0.223,0.35
2009-12-13,2,0.279,0.305
2009-12-13,3,0.163,0.164
2009-12-13,4,0.197,0.256
2009-12-13,5,0.245,0.287
2009-12-13,6,0.153,0.245
2009-12-13,7,0.166,0.183
2009-12-13,8,0.142,0.249
2009-12-13,9,0.407,0.497
2009-12-13,10,0.224,0.255
2009-12-13,11,0.186,0.211
2009-12-13,12,0.636,0.747
2009-12-13,13,0.165,0.344
2009-12-13,14,0.182,0.233
2009-12-13,15,0.146,0.159
2009-12-13,16,0.257,0.859
2009-12-13,17,1.268,1.462
2009-12-13,18,1.767,1.85
2009-12-13,19,2.892,3.028
2009-12-13,20,1.474,1.722
2009-12-13,21,1.201,1.556
2009-12-13,22,1.148,1.27
2009-12-13,23,1.078,1.25
2009-12-13,24,0.204,0.928
2009-12-14,1,0.279,0.344
2009-12-14,2,0.19,0.24
2009-12-14,3,0.128,0.213
2009-12-14,4,0.176,0.187
2009-12-14,5,0.244,0.264
2009-12-14,6,0.128,0.176
2009-12-14,7,0.129,0.222
2009-12-14,8,0.203,0.232
2009-12-14,9,0.339,0.748
2009-12-14,10,0.13,0.304
2009-12-14,11,0.133,0.216
2009-12-14,12,0.112,0.178
2009-12-14,13,0.196,0.265
2009-12-14,14,0.184,0.195
2009-12-14,15,0.137,0.15
2009-12-14,16,0.116,0.191
2009-12-14,17,0.162,0.259
2009-12-14,18,0.356,0.76
2009-12-14,19,0.659,0.86
2009-12-14,20,0.678,0.892
2009-12-14,21,0.804,1.95
2009-12-14,22,1.311,1.585
2009-12-14,23,1.252,1.433
2009-12-14,24,1.575,2.096
2009-12-15,1,0.484,1.507
2009-12-15,2,0.155,0.353
2009-12-15,3,0.122,0.14
2009-12-15,4,0.149,0.218
2009-12-15,5,0.121,0.258
2009-12-15,6,0.158,0.296
2009-12-15,7,0.116,0.136
2009-12-15,8,0.343,0.582
2009-12-15,9,0.206,0.385
2009-12-15,10,1.254,1.785
2009-12-15,11,0.366,0.421
2009-12-15,12,0.252,0.404
2009-12-15,13,0.254,2.402
2009-12-15,14,1.268,2.973
2009-12-15,15,0.564,0.678
2009-12-15,16,0.694,0.751
2009-12-15,17,0.489,0.695
2009-12-15,18,0.972,1.0
2009-12-15,19,0.589,0.819
2009-12-15,20,1.38,1.74
2009-12-15,21,1.688,3.516
2009-12-15,22,1.39,1.924
2009-12-15,23,1.264,1.37
2009-12-15,24,0.903,0.936
2009-12-16,1,0.408,1.095
2009-12-16,2,0.139,0.223
2009-12-16,3,0.192,0.199
2009-12-16,4,0.118,0.271
2009-12-16,5,0.185,0.253
2009-12-16,6,0.136,0.136
2009-12-16,7,0.121,0.241
2009-12-16,8,0.327,0.365
2009-12-16,9,0.224,0.757
2009-12-16,10,0.138,0.303
2009-12-16,11,0.186,0.338
2009-12-16,12,0.112,0.18
2009-12-16,13,0.143,0.21
2009-12-16,14,0.131,0.141
2009-12-16,15,0.235,0.345
2009-12-16,16,0.118,0.134
2009-12-16,17,0.133,0.33
2009-12-16,18,0.463,0.655
2009-12-16,19,0.817,1.297
2009-12-16,20,1.406,3.551
2009-12-16,21,1.818,2.999
2009-12-16,22,1.119,2.96
2009-12-16,23,0.37,1.661
2009-12-16,24,0.19,0.261
2009-12-17,1,0.205,0.373
2009-12-17,2,0.153,0.158
2009-12-17,3,0.174,0.183
2009-12-17,4,0.208,0.271
2009-12-17,5,0.171,0.227
2009-12-17,6,0.137,0.166
2009-12-17,7,0.452,0.542
2009-12-17,8,0.311,0.333
2009-12-17,9,0.25,0.647
2009-12-17,10,0.116,0.183
2009-12-17,11,0.193,0.307
2009-12-17,12,0.448,0.477
2009-12-17,13,0.233,0.268
2009-12-17,14,0.142,0.164
2009-12-17,15,0.311,0.314
2009-12-17,16,0.239,0.356
2009-12-17,17,0.591,1.133
2009-12-17,18,1.025,1.091
2009-12-17,19,1.076,1.093
2009-12-17,20,1.198,4.409
2009-12-17,21,1.564,2.17
2009-12-17,22,1.348,1.461
2009-12-17,23,1.66,1.998
2009-12-17,24,0.619,1.743
2009-12-18,1,0.292,0.295
2009-12-18,2,0.171,0.172
2009-12-18,3,0.151,0.33
2009-12-18,4,0.191,0.319
2009-12-18,5,0.158,0.172
2009-12-18,6,0.158,0.223
2009-12-18,7,0.177,0.291
2009-12-18,8,0.391,0.567
2009-12-18,9,0.46,1.08
2009-12-18,10,0.829,1.14
2009-12-18,11,1.011,1.05
2009-12-18,12,1.15,1.191
2009-12-18,13,0.72,1.174
2009-12-18,14,0.162,0.227
2009-12-18,15,0.156,0.251
2009-12-18,16,0.219,0.258
2009-12-18,17,0.174,0.512
2009-12-18,18,0.309,0.32
2009-12-18,19,0.672,0.737
2009-12-18,20,0.858,0.99
2009-12-18,21,2.241,2.442
2009-12-18,22,1.849,2.417
2009-12-18,23,1.402,1.423
2009-12-18,24,1.322,1.573
2009-12-19,1,0.178,0.224
2009-12-19,2,0.193,0.282
2009-12-19,3,0.146,0.251
2009-12-19,4,0.132,0.212
2009-12-19,5,0.122,0.133
2009-12-19,6,0.123,0.225
2009-12-19,7,0.177,0.289
2009-12-19,8,0.217,0.232
2009-12-19,9,0.461,0.485
2009-12-19,10,0.199,0.424
2009-12-19,11,0.324,0.349
2009-12-19,12,0.146,0.273
2009-12-19,13,0.225,0.304
2009-12-19,14,0.234,0.729
2009-12-19,15,0.38,1.878
2009-12-19,16,1.094,3.551
2009-12-19,17,1.149,1.225
2009-12-19,18,2.352,3.959
2009-12-19,19,2.029,2.912
2009-12-19,20,0.522,1.91
2009-12-19,21,0.259,0.328
2009-12-19,22,0.282,0.307
2009-12-19,23,0.233,0.302
2009-12-19,24,0.298,0.447
2009-12-20,1,0.316,1.074
2009-12-20,2,0.181,0.234
2009-12-20,3,0.138,0.212
2009-12-20,4,0.153,0.186
2009-12-20,5,0.213,0.343
2009-12-20,6,0.139,0.154
2009-12-20,7,0.145,0.25
2009-12-20,8,0.148,0.19
2009-12-20,9,0.378,0.617
2009-12-20,10,0.242,0.248
2009-12-20,11,0.738,1.083
2009-12-20,12,0.586,0.586
2009-12-20,13,0.798,1.005
2009-12-20,14,0.587,0.604
2009-12-20,15,0.565,1.146
2009-12-20,16,1.315,2.17
2009-12-20,17,1.482,1.901
2009-12-20,18,0.526,1.198
2009-12-20,19,0.431,0.534
2009-12-20,20,0.506,0.542
2009-12-20,21,0.397,0.42
2009-12-20,22,0.441,0.534
2009-12-20,23,0.61,1.557
2009-12-20,24,1.764,1.909
2009-12-21,1,0.903,1.631
2009-12-21,2,0.325,0.337
2009-12-21,3,0.136,0.186
2009-12-21,4,0.113,0.228
2009-12-21,5,0.134,0.138
2009-12-21,6,0.254,0.265
2009-12-21,7,0.169,0.183
2009-12-21,8,0.216,0.223
2009-12-21,9,0.302,0.419
2009-12-21,10,0.215,0.925
2009-12-21,11,0.136,0.222
2009-12-21,12,0.129,0.135
2009-12-21,13,0.181,0.239
2009-12-21,14,0.19,0.245
2009-12-21,15,0.145,0.212
2009-12-21,16,0.209,0.228
2009-12-21,17,0.229,0.298
2009-12-21,18,0.33,0.398
2009-12-21,19,0.241,0.247
2009-12-21,20,0.17,0.44
2009-12-21,21,1.271,2.289
2009-12-21,22,1.878,1.901
2009-12-21,23,1.381,2.187
2009-12-21,24,1.266,1.586
2009-12-22,1,0.317,1.005
2009-12-22,2,0.139,0.173
2009-12-22,3,0.159,0.203
2009-12-22,4,0.18,0.258
2009-12-22,5,0.153,0.227
2009-12-22,6,0.121,0.164
2009-12-22,7,0.117,0.15
2009-12-22,8,0.327,0.366
2009-12-22,9,0.323,0.548
2009-12-22,10,0.598,1.164
2009-12-22,11,0.223,0.23
2009-12-22,12,0.409,0.595
2009-12-22,13,0.212,0.383
2009-12-22,14,0.131,0.322
2009-12-22,15,0.134,0.243
2009-12-22,16,0.236,0.465
2009-12-22,17,0.527,1.594
2009-12-22,18,2.061,2.11
2009-12-22,19,1.477,1.74
2009-12-22,20,2.416,2.456
2009-12-22,21,2.127,2.835
2009-12-22,22,1.796,2.103
2009-12-22,23,0.823,1.228
2009-12-22,24,0.238,1.265
2009-12-23,1,0.182,0.309
2009-12-23,2,0.162,0.262
2009-12-23,3,0.187,0.205
2009-12-23,4,0.169,0.214
2009-12-23,5,0.133,0.245
2009-12-23,6,0.159,0.253
2009-12-23,7,0.151,0.22
2009-12-23,8,0.229,0.377
2009-12-23,9,0.67,0.919
2009-12-23,10,1.04,1.181
2009-12-23,11,0.699,1.054
2009-12-23,12,2.303,2.464
2009-12-23,13,0.748,1.131
2009-12-23,14,0.401,0.403
2009-12-23,15,0.392,0.394
2009-12-23,16,0.37,0.413
2009-12-23,17,0.444,0.64
2009-12-23,18,0.458,0.498
2009-12-23,19,0.461,0.463
2009-12-23,20,0.399,0.506
2009-12-23,21,0.479,0.554
2009-12-23,22,0.37,0.442
2009-12-23,23,0.427,0.547
2009-12-23,24,0.5,0.927
2009-12-24,1,0.519,0.702
2009-12-24,2,0.172,1.099
2009-12-24,3,0.243,0.247
2009-12-24,4,0.181,0.185
2009-12-24,5,0.209,0.22
2009-12-24,6,0.209,0.209
2009-12-24,7,0.133,0.18
2009-12-24,8,0.228,0.244
2009-12-24,9,0.134,0.152
2009-12-24,10,0.315,0.383
2009-12-24,11,0.275,0.598
2009-12-24,12,0.625,0.757
2009-12-24,13,1.131,2.329
2009-12-24,14,0.992,1.935
2009-12-24,15,0.943,1.329
2009-12-24,16,1.272,2.059
2009-12-24,17,1.176,1.701
2009-12-24,18,2.779,3.108
2009-12-24,19,2.876,4.416
2009-12-24,20,2.43,3.835
2009-12-24,21,1.868,2.5
2009-12-24,22,1.947,1.976
2009-12-24,23,2.173,2.246
2009-12-24,24,1.213,1.617
2009-12-25,1,0.549,0.714
2009-12-25,2,0.403,0.408
2009-12-25,3,0.333,0.507
2009-12-25,4,0.195,0.335
2009-12-25,5,0.172,0.288
2009-12-25,6,0.197,0.268
2009-12-25,7,0.291,0.308
2009-12-25,8,0.184,0.214
2009-12-25,9,0.176,0.229
2009-12-25,10,1.913,4.038
2009-12-25,11,1.236,1.528
2009-12-25,12,1.286,3.738
2009-12-25,13,2.002,2.919
2009-12-25,14,3.981,4.394
2009-12-25,15,0.834,1.077
2009-12-25,16,1.416,2.383
2009-12-25,17,0.465,1.42
2009-12-25,18,0.401,0.456
2009-12-25,19,0.381,0.5
2009-12-25,20,0.421,0.608
2009-12-25,21,0.381,0.402
2009-12-25,22,0.531,0.532
2009-12-25,23,0.511,0.611
2009-12-25,24,1.4,1.751
2009-12-26,1,0.692,0.821
2009-12-26,2,0.506,0.728
2009-12-26,3,0.229,0.321
2009-12-26,4,0.206,0.27
2009-12-26,5,0.188,0.19
2009-12-26,6,0.169,0.38
2009-12-26,7,1.186,1.426
2009-12-26,8,0.173,0.182
2009-12-26,9,0.194,0.279
2009-12-26,10,0.287,0.312
2009-12-26,11,0.461,0.508
2009-12-26,12,0.59,0.706
2009-12-26,13,1.26,1.302
2009-12-26,14,1.234,1.307
2009-12-26,15,1.599,1.869
2009-12-26,16,0.36,0.933
2009-12-26,17,0.643,1.118
2009-12-26,18,1.281,1.3
2009-12-26,19,1.222,1.314
2009-12-26,20,1.246,1.343
2009-12-26,21,1.762,2.276
2009-12-26,22,1.256,2.247
2009-12-26,23,1.543,2.65
2009-12-26,24,0.256,1.21
2009-12-27,1,0.211,0.249
2009-12-27,2,0.267,0.324
2009-12-27,3,0.279,0.308
2009-12-27,4,0.694,1.418
2009-12-27,5,0.593,0.618
2009-12-27,6,0.271,0.492
2009-12-27,7,1.13,2.772
2009-12-27,8,0.229,0.238
2009-12-27,9,0.249,0.316
2009-12-27,10,0.302,0.398
2009-12-27,11,0.483,0.564
2009-12-27,12,0.552,0.711
2009-12-27,13,0.509,0.572
2009-12-27,14,0.354,0.5
2009-12-27,15,0.354,0.708
2009-12-27,16,1.003,1.541
2009-12-27,17,1.794,1.965
2009-12-27,18,2.595,2.703
2009-12-27,19,2.498,2.628
2009-12-27,20,2.395,3.452
2009-12-27,21,2.264,3.378
2009-12-27,22,1.712,1.79
2009-12-27,23,1.893,2.116
2009-12-27,24,2.205,2.302
2009-12-28,1,0.804,2.003
2009-12-28,2,0.272,0.451
2009-12-28,3,0.239,0.316
2009-12-28,4,0.285,0.293
2009-12-28,5,0.229,0.278
2009-12-28,6,0.177,0.19
2009-12-28,7,0.266,0.383
2009-12-28,8,0.171,0.226
2009-12-28,9,0.23,0.35
2009-12-28,10,1.176,2.457
2009-12-28,11,0.673,0.855
2009-12-28,12,0.662,2.216
2009-12-28,13,6.002,6.868
2009-12-28,14,2.982,5.733
2009-12-28,15,1.09,1.125
2009-12-28,16,0.547,0.694
2009-12-28,17,0.304,0.386
2009-12-28,18,0.326,0.337
2009-12-28,19,0.351,0.527
2009-12-28,20,0.282,0.298
2009-12-28,21,0.3,0.381
2009-12-28,22,0.395,0.404
2009-12-28,23,0.308,0.395
2009-12-28,24,0.301,0.303
2009-12-29,1,0.348,0.375
2009-12-29,2,0.376,0.421
2009-12-29,3,0.297,0.336
2009-12-29,4,0.25,0.269
2009-12-29,5,0.257,0.356
2009-12-29,6,0.273,0.4
2009-12-29,7,0.334,0.358
2009-12-29,8,0.264,0.273
2009-12-29,9,0.253,0.325
2009-12-29,10,0.273,0.295
2009-12-29,11,0.297,0.425
2009-12-29,12,0.273,0.392
2009-12-29,13,0.251,0.269
2009-12-29,14,0.279,0.338
2009-12-29,15,0.25,0.253
2009-12-29,16,0.334,0.341
2009-12-29,17,0.397,0.417
2009-12-29,18,0.297,0.369
2009-12-29,19,0.283,0.29
2009-12-29,20,0.28,0.363
2009-12-29,21,0.311,0.316
2009-12-29,22,0.291,0.304
2009-12-29,23,0.323,0.38
2009-12-29,24,0.379,0.428
2009-12-30,1,0.308,0.374
2009-12-30,2,0.269,0.287
2009-12-30,3,0.317,0.33
2009-12-30,4,0.257,0.276
2009-12-30,5,0.256,0.364
2009-12-30,6,0.255,0.257
2009-12-30,7,0.281,0.445
2009-12-30,8,0.269,0.426
2009-12-30,9,0.253,0.269
2009-12-30,10,0.252,0.343
2009-12-30,11,0.253,0.27
2009-12-30,12,0.301,0.313
2009-12-30,13,0.25,0.256
2009-12-30,14,0.27,0.338
2009-12-30,15,0.248,0.267
2009-12-30,16,0.484,1.519
2009-12-30,17,1.411,1.516
2009-12-30,18,1.509,2.703
2009-12-30,19,1.459,2.07
2009-12-30,20,1.637,2.07
2009-12-30,21,1.622,1.829
2009-12-30,22,0.576,0.989
2009-12-30,23,0.784,1.293
2009-12-30,24,0.498,0.544
2009-12-31,1,0.317,0.32
2009-12-31,2,0.321,0.407
2009-12-31,3,0.273,0.321
2009-12-31,4,0.291,0.352
2009-12-31,5,0.177,0.188
2009-12-31,6,0.173,0.224
2009-12-31,7,0.175,0.219
2009-12-31,8,0.323,0.441
2009-12-31,9,0.332,0.412
2009-12-31,10,0.204,0.272
2009-12-31,11,0.17,0.263
2009-12-31,12,0.284,0.84
2009-12-31,13,0.712,1.735
2009-12-31,14,1.0,1.795
2009-12-31,15,0.31,0.571
2009-12-31,16,0.389,0.595
2009-12-31,17,1.058,1.928
2009-12-31,18,1.986,2.011
2009-12-31,19,1.671,2.343
2009-12-31,20,1.211,1.868
2009-12-31,21,1.656,1.904
2009-12-31,22,1.47,2.077
2009-12-31,23,1.455,1.801
2009-12-31,24,0.466,1.247
2010-01-01,1,0.42,0.506
2010-01-01,2,0.22,0.302
2010-01-01,3,0.231,0.267
2010-01-01,4,0.128,0.14
2010-01-01,5,0.116,0.338
2010-01-01,6,0.259,0.283
2010-01-01,7,0.139,0.179
2010-01-01,8,0.223,0.247
2010-01-01,9,0.227,0.25
2010-01-01,10,0.252,0.371
2010-01-01,11,0.715,0.846
2010-01-01,12,0.423,0.508
2010-01-01,13,0.266,1.221
2010-01-01,14,1.391,1.433
2010-01-01,15,1.356,1.478
2010-01-01,16,1.495,1.674
2010-01-01,17,1.653,1.725
2010-01-01,18,1.434,1.541
2010-01-01,19,1.485,1.602
2010-01-01,20,2.064,2.339
2010-01-01,21,2.39,3.279
2010-01-01,22,2.394,2.423
2010-01-01,23,2.34,2.35
2010-01-01,24,2.233,2.271
2010-01-02,1,1.558,2.574
2010-01-02,2,0.817,1.44
2010-01-02,3,0.375,0.385
2010-01-02,4,0.269,0.326
2010-01-02,5,0.335,0.396
2010-01-02,6,0.18,0.184
2010-01-02,7,0.209,0.234
2010-01-02,8,0.169,0.254
2010-01-02,9,0.31,0.311
2010-01-02,10,0.266,0.284
2010-01-02,11,0.274,0.358
2010-01-02,12,0.494,0.59
2010-01-02,13,2.05,2.178
2010-01-02,14,0.848,3.742
2010-01-02,15,0.507,0.79
2010-01-02,16,0.406,0.412
2010-01-02,17,0.323,0.413
2010-01-02,18,0.692,2.997
2010-01-02,19,1.125,2.771
2010-01-02,20,3.66,3.668
2010-01-02,21,2.459,4.889
2010-01-02,22,1.336,2.658
2010-01-02,23,0.798,1.858
2010-01-02,24,0.427,0.453
2010-01-03,1,0.444,0.469
2010-01-03,2,0.335,0.342
2010-01-03,3,0.32,0.345
2010-01-03,4,0.438,0.447
2010-01-03,5,0.275,0.37
2010-01-03,6,0.255,0.286
2010-01-03,7,0.149,0.367
2010-01-03,8,0.228,0.291
2010-01-03,9,0.293,0.321
2010-01-03,10,0.213,0.227
2010-01-03,11,0.641,1.844
2010-01-03,12,0.35,0.637
2010-01-03,13,0.84,2.829
2010-01-03,14,2.5,2.601
2010-01-03,15,0.405,0.826
2010-01-03,16,0.233,0.338
2010-01-03,17,0.274,0.33
2010-01-03,18,0.364,1.161
2010-01-03,19,1.076,1.168
2010-01-03,20,1.248,2.075
2010-01-03,21,1.065,1.252
2010-01-03,22,1.344,1.431
2010-01-03,23,0.574,1.496
2010-01-03,24,0.278,0.339
2010-01-04,1,0.177,0.2
2010-01-04,2,0.279,0.334
2010-01-04,3,0.124,0.225
2010-01-04,4,0.128,0.167
2010-01-04,5,0.142,0.174
2010-01-04,6,0.235,0.257
2010-01-04,7,0.133,0.213
2010-01-04,8,0.115,0.133
2010-01-04,9,0.239,0.268
2010-01-04,10,0.229,0.46
2010-01-04,11,0.942,1.487
2010-01-04,12,1.232,1.376
2010-01-04,13,0.787,1.402
2010-01-04,14,0.334,0.362
2010-01-04,15,0.272,0.301
2010-01-04,16,0.249,0.263
2010-01-04,17,0.379,0.398
2010-01-04,18,0.293,0.343
2010-01-04,19,0.271,0.381
2010-01-04,20,0.748,1.885
2010-01-04,21,1.001,2.277
2010-01-04,22,1.162,1.569
2010-01-04,23,0.349,0.666
2010-01-04,24,0.271,0.34
2010-01-05,1,0.174,0.188
2010-01-05,2,0.19,0.214
2010-01-05,3,0.224,0.266
2010-01-05,4,0.201,0.21
2010-01-05,5,0.135,0.154
2010-01-05,6,0.154,0.217
2010-01-05,7,0.221,0.264
2010-01-05,8,0.353,1.101
2010-01-05,9,0.247,0.283
2010-01-05,10,0.274,1.005
2010-01-05,11,0.449,1.344
2010-01-05,12,0.67,3.511
2010-01-05,13,0.342,1.805
2010-01-05,14,0.459,0.565
2010-01-05,15,0.371,0.373
2010-01-05,16,0.266,0.344
2010-01-05,17,0.266,0.604
2010-01-05,18,0.627,0.638
2010-01-05,19,0.867,1.325
2010-01-05,20,0.99,1.23
2010-01-05,21,2.996,3.174
2010-01-05,22,1.47,1.555
2010-01-05,23,1.229,1.428
2010-01-05,24,0.343,0.697
2010-01-06,1,0.295,0.297
2010-01-06,2,0.152,0.213
2010-01-06,3,0.118,0.141
2010-01-06,4,0.136,0.323
2010-01-06,5,0.135,0.253
2010-01-06,6,0.125,0.211
2010-01-06,7,0.129,0.135
2010-01-06,8,0.266,0.664
2010-01-06,9,0.477,0.604
2010-01-06,10,0.206,0.267
2010-01-06,11,0.117,0.13
2010-01-06,12,0.122,0.268
2010-01-06,13,0.237,0.899
2010-01-06,14,0.207,0.462
2010-01-06,15,0.22,0.224
2010-01-06,16,0.266,0.277
2010-01-06,17,0.376,0.72
2010-01-06,18,1.1,1.209
2010-01-06,19,1.072,1.11
2010-01-06,20,1.424,2.688
2010-01-06,21,1.409,2.014
2010-01-06,22,0.802,0.802
2010-01-06,23,0.829,0.88
2010-01-06,24,0.911,1.256
2010-01-07,1,0.255,0.346
2010-01-07,2,0.163,0.18
2010-01-07,3,0.243,0.249
2010-01-07,4,0.129,0.203
2010-01-07,5,0.123,0.131
2010-01-07,6,0.147,0.196
2010-01-07,7,0.218,0.244
2010-01-07,8,0.203,0.266
2010-01-07,9,0.234,0.259
2010-01-07,10,0.26,0.613
2010-01-07,11,0.286,0.336
2010-01-07,12,0.266,0.306
2010-01-07,13,0.193,0.22
2010-01-07,14,0.306,1.018
2010-01-07,15,0.322,0.375
2010-01-07,16,1.361,1.722
2010-01-07,17,0.474,1.693
2010-01-07,18,0.751,0.855
2010-01-07,19,0.799,1.501
2010-01-07,20,2.573,2.985
2010-01-07,21,1.003,2.232
2010-01-07,22,0.825,0.909
2010-01-07,23,0.794,1.163
2010-01-07,24,0.223,0.486
2010-01-08,1,0.198,0.218
2010-01-08,2,0.156,0.221
2010-01-08,3,0.27,0.302
2010-01-08,4,0.133,0.174
2010-01-08,5,0.152,0.204
2010-01-08,6,0.169,0.246
2010-01-08,7,0.223,0.257
2010-01-08,8,0.308,0.448
2010-01-08,9,0.7,1.351
2010-01-08,10,1.188,1.57
2010-01-08,11,0.829,0.897
2010-01-08,12,0.734,0.875
2010-01-08,13,0.368,0.574
2010-01-08,14,0.336,0.379
2010-01-08,15,0.284,0.3
2010-01-08,16,0.227,0.292
2010-01-08,17,0.293,0.916
2010-01-08,18,1.336,1.387
2010-01-08,19,1.019,1.058
2010-01-08,20,1.057,1.2
2010-01-08,21,1.896,2.719
2010-01-08,22,1.325,1.821
2010-01-08,23,1.376,2.278
2010-01-08,24,1.408,1.498
2010-01-09,1,1.125,1.32
2010-01-09,2,0.355,0.479
2010-01-09,3,0.32,0.391
2010-01-09,4,0.311,0.326
2010-01-09,5,0.208,0.209
2010-01-09,6,0.117,0.161
2010-01-09,7,0.135,0.171
2010-01-09,8,0.19,0.318
2010-01-09,9,0.169,0.232
2010-01-09,10,0.245,0.273
2010-01-09,11,0.289,1.314
2010-01-09,12,0.246,0.391
2010-01-09,13,0.222,0.388
2010-01-09,14,0.795,0.973
2010-01-09,15,0.652,0.937
2010-01-09,16,0.514,0.572
2010-01-09,17,0.483,0.523
2010-01-09,18,1.486,2.087
2010-01-09,19,1.164,2.311
2010-01-09,20,1.38,2.76
2010-01-09,21,1.144,2.292
2010-01-09,22,0.868,1.676
2010-01-09,23,1.893,2.578
2010-01-09,24,0.591,0.598
2010-01-10,1,0.421,0.481
2010-01-10,2,0.398,0.474
2010-01-10,3,0.387,0.398
2010-01-10,4,0.256,0.302
2010-01-10,5,0.174,0.196
2010-01-10,6,0.188,0.246
2010-01-10,7,0.955,1.762
2010-01-10,8,0.238,0.311
2010-01-10,9,0.271,0.289
2010-01-10,10,0.312,0.38
2010-01-10,11,0.31,0.373
2010-01-10,12,0.519,0.938
2010-01-10,13,0.468,0.49
2010-01-10,14,0.385,0.665
2010-01-10,15,0.333,0.583
2010-01-10,16,0.516,2.062
2010-01-10,17,2.536,3.575
2010-01-10,18,1.149,2.066
2010-01-10,19,0.916,1.257
2010-01-10,20,0.795,0.855
2010-01-10,21,0.768,0.776
2010-01-10,22,0.967,1.212
2010-01-10,23,0.818,1.094
2010-01-10,24,0.194,0.204
2010-01-11,1,0.276,0.329
2010-01-11,2,0.167,0.247
2010-01-11,3,0.152,0.207
2010-01-11,4,0.137,0.199
2010-01-11,5,0.256,0.284
2010-01-11,6,0.19,0.212
2010-01-11,7,0.135,0.162
2010-01-11,8,0.154,0.221
2010-01-11,9,0.207,0.351
2010-01-11,10,0.502,1.044
2010-01-11,11,0.234,0.41
2010-01-11,12,0.185,0.199
2010-01-11,13,0.122,0.268
2010-01-11,14,0.142,0.287
2010-01-11,15,0.125,0.137
2010-01-11,16,0.133,0.224
2010-01-11,17,0.217,0.311
2010-01-11,18,0.314,0.432
2010-01-11,19,0.284,1.945
2010-01-11,20,1.414,4.579
2010-01-11,21,0.73,2.166
2010-01-11,22,0.663,0.91
2010-01-11,23,0.606,0.756
2010-01-11,24,1.15,1.257
2010-01-12,1,0.275,0.498
2010-01-12,2,0.274,0.349
2010-01-12,3,0.267,0.268
2010-01-12,4,0.387,0.431
2010-01-12,5,0.264,0.267
2010-01-12,6,0.26,0.344
2010-01-12,7,0.254,0.266
2010-01-12,8,0.447,0.544
2010-01-12,9,0.292,0.296
2010-01-12,10,0.266,0.37
2010-01-12,11,0.224,0.25
2010-01-12,12,0.415,1.609
2010-01-12,13,0.392,1.521
2010-01-12,14,0.541,1.406
2010-01-12,15,0.28,0.299
2010-01-12,16,0.232,0.344
2010-01-12,17,0.707,0.999
2010-01-12,18,0.771,0.862
2010-01-12,19,1.032,1.278
2010-01-12,20,0.911,1.013
2010-01-12,21,0.562,0.846
2010-01-12,22,0.865,2.168
2010-01-12,23,1.82,1.856
2010-01-12,24,1.752,2.362
2010-01-13,1,0.223,0.564
2010-01-13,2,0.273,0.318
2010-01-13,3,0.154,0.196
2010-01-13,4,0.155,0.207
2010-01-13,5,0.224,0.281
2010-01-13,6,0.187,0.242
2010-01-13,7,0.14,0.16
2010-01-13,8,0.181,0.197
2010-01-13,9,0.344,0.468
2010-01-13,10,0.181,0.219
2010-01-13,11,0.156,0.158
2010-01-13,12,0.227,0.234
2010-01-13,13,0.209,0.264
2010-01-13,14,0.145,0.221
2010-01-13,15,0.159,0.187
2010-01-13,16,0.199,0.203
2010-01-13,17,0.365,0.387
2010-01-13,18,0.275,0.283
2010-01-13,19,0.656,1.333
2010-01-13,20,0.426,1.307
2010-01-13,21,0.328,0.511
2010-01-13,22,0.284,0.36
2010-01-13,23,0.316,0.561
2010-01-13,24,0.833,1.517
2010-01-14,1,0.163,0.281
2010-01-14,2,0.142,0.265
2010-01-14,3,0.147,0.205
2010-01-14,4,0.235,0.355
2010-01-14,5,0.14,0.205
2010-01-14,6,0.137,0.222
2010-01-14,7,0.16,0.222
2010-01-14,8,0.323,0.361
2010-01-14,9,0.246,0.326
2010-01-14,10,0.333,0.7
2010-01-14,11,0.178,0.217
2010-01-14,12,0.215,0.285
2010-01-14,13,0.178,0.206
2010-01-14,14,0.397,0.824
2010-01-14,15,0.39,0.688
2010-01-14,16,0.745,0.759
2010-01-14,17,0.332,0.401
2010-01-14,18,0.625,0.748
2010-01-14,19,0.773,0.939
2010-01-14,20,0.924,2.057
2010-01-14,21,2.331,2.663
2010-01-14,22,1.221,1.595
2010-01-14,23,0.798,0.971
2010-01-14,24,0.763,1.33
2010-01-15,1,0.28,0.322
2010-01-15,2,0.17,0.269
2010-01-15,3,0.154,0.155
2010-01-15,4,0.221,0.242
2010-01-15,5,0.196,0.273
2010-01-15,6,0.137,0.204
2010-01-15,7,0.156,0.228
2010-01-15,8,0.23,0.446
2010-01-15,9,1.028,1.472
2010-01-15,10,0.627,1.047
2010-01-15,11,0.991,1.034
2010-01-15,12,0.89,1.015
2010-01-15,13,0.141,0.649
2010-01-15,14,0.165,0.308
2010-01-15,15,0.244,0.383
2010-01-15,16,0.389,0.981
2010-01-15,17,0.907,0.924
2010-01-15,18,0.948,1.065
2010-01-15,19,0.394,1.11
2010-01-15,20,0.343,0.419
2010-01-15,21,0.32,0.322
2010-01-15,22,1.119,2.305
2010-01-15,23,1.123,2.698
2010-01-15,24,1.264,2.24
2010-01-16,1,0.216,0.454
2010-01-16,2,0.143,0.172
2010-01-16,3,0.116,0.21
2010-01-16,4,0.269,0.271
2010-01-16,5,0.134,0.176
2010-01-16,6,0.136,0.176
2010-01-16,7,0.232,0.271
2010-01-16,8,0.174,0.195
2010-01-16,9,0.174,0.185
2010-01-16,10,0.235,0.489
2010-01-16,11,0.375,0.842
2010-01-16,12,0.211,0.267
2010-01-16,13,0.156,0.156
2010-01-16,14,0.416,0.657
2010-01-16,15,0.257,0.424
2010-01-16,16,0.375,0.378
2010-01-16,17,0.322,0.453
2010-01-16,18,0.671,1.256
2010-01-16,19,1.026,1.268
2010-01-16,20,0.358,0.752
2010-01-16,21,0.27,0.303
2010-01-16,22,0.316,0.381
2010-01-16,23,0.41,0.414
2010-01-16,24,0.716,1.274
2010-01-17,1,0.218,0.263
2010-01-17,2,0.207,0.293
2010-01-17,3,0.134,0.217
2010-01-17,4,0.131,0.135
2010-01-17,5,0.188,0.324
2010-01-17,6,0.12,0.185
2010-01-17,7,0.132,0.205
2010-01-17,8,0.144,0.197
2010-01-17,9,0.247,0.26
2010-01-17,10,0.274,0.409
2010-01-17,11,0.328,0.389
2010-01-17,12,0.413,1.004
2010-01-17,13,0.264,0.406
2010-01-17,14,0.41,0.459
2010-01-17,15,0.18,0.816
2010-01-17,16,0.139,0.178
2010-01-17,17,0.208,0.243
2010-01-17,18,0.384,0.426
2010-01-17,19,0.29,0.361
2010-01-17,20,3.022,3.516
2010-01-17,21,1.442,2.074
2010-01-17,22,1.574,1.88
2010-01-17,23,1.024,1.269
2010-01-17,24,0.222,0.333
2010-01-18,1,0.232,0.3
2010-01-18,2,0.131,0.197
2010-01-18,3,0.124,0.175
2010-01-18,4,0.219,0.312
2010-01-18,5,0.11,0.182
2010-01-18,6,0.112,0.179
2010-01-18,7,0.134,0.314
2010-01-18,8,0.244,1.067
2010-01-18,9,0.817,1.462
2010-01-18,10,0.133,0.186
2010-01-18,11,0.237,0.306
2010-01-18,12,0.116,0.155
2010-01-18,13,0.126,0.217
2010-01-18,14,0.127,0.194
2010-01-18,15,0.247,0.262
2010-01-18,16,0.116,0.135
2010-01-18,17,0.121,0.226
2010-01-18,18,0.144,0.227
2010-01-18,19,0.263,0.28
2010-01-18,20,0.141,0.164
2010-01-18,21,0.16,0.333
2010-01-18,22,0.25,0.286
2010-01-18,23,0.349,0.362
2010-01-18,24,0.326,0.944
2010-01-19,1,0.205,0.224
2010-01-19,2,0.117,0.213
2010-01-19,3,0.196,0.293
2010-01-19,4,0.111,0.132
2010-01-19,5,0.152,0.211
2010-01-19,6,0.112,0.157
2010-01-19,7,0.254,0.297
2010-01-19,8,0.278,0.597
2010-01-19,9,0.222,0.341
2010-01-19,10,0.157,0.176
2010-01-19,11,0.672,1.309
2010-01-19,12,0.542,0.721
2010-01-19,13,2.03,2.963
2010-01-19,14,1.958,2.54
2010-01-19,15,2.207,2.658
2010-01-19,16,0.718,3.385
2010-01-19,17,0.733,2.739
2010-01-19,18,1.203,3.746
2010-01-19,19,0.634,0.785
2010-01-19,20,0.54,0.756
2010-01-19,21,0.641,0.679
2010-01-19,22,0.972,3.076
2010-01-19,23,2.118,2.437
2010-01-19,24,1.657,2.462
2010-01-20,1,0.648,1.408
2010-01-20,2,0.135,0.241
2010-01-20,3,0.113,0.222
2010-01-20,4,0.154,0.343
2010-01-20,5,0.134,0.153
2010-01-20,6,0.135,0.194
2010-01-20,7,0.174,0.265
2010-01-20,8,0.204,0.35
2010-01-20,9,0.485,0.635
2010-01-20,10,0.146,0.35
2010-01-20,11,0.252,0.262
2010-01-20,12,0.122,0.173
2010-01-20,13,0.124,0.199
2010-01-20,14,0.144,0.212
2010-01-20,15,0.219,0.251
2010-01-20,16,0.113,0.163
2010-01-20,17,0.134,0.187
2010-01-20,18,0.192,0.214
2010-01-20,19,0.272,0.314
2010-01-20,20,0.34,3.386
2010-01-20,21,1.477,2.511
2010-01-20,22,1.398,1.49
2010-01-20,23,1.445,1.955
2010-01-20,24,1.126,1.321
2010-01-21,1,0.248,0.592
2010-01-21,2,0.131,0.136
2010-01-21,3,0.18,0.251
2010-01-21,4,0.144,0.255
2010-01-21,5,0.178,0.184
2010-01-21,6,0.112,0.132
2010-01-21,7,0.2,0.31
2010-01-21,8,0.205,0.305
2010-01-21,9,0.4,0.501
2010-01-21,10,0.77,1.297
2010-01-21,11,0.457,0.492
2010-01-21,12,0.147,0.188
2010-01-21,13,0.875,2.509
2010-01-21,14,0.484,1.346
2010-01-21,15,0.32,0.567
2010-01-21,16,0.292,0.306
2010-01-21,17,0.257,0.281
2010-01-21,18,0.403,0.424
2010-01-21,19,0.334,1.077
2010-01-21,20,0.766,0.805
2010-01-21,21,2.604,3.187
2010-01-21,22,1.11,1.153
2010-01-21,23,1.142,1.274
2010-01-21,24,0.47,1.323
2010-01-22,1,0.2,0.27
2010-01-22,2,0.152,0.157
2010-01-22,3,0.238,0.269
2010-01-22,4,0.159,0.212
2010-01-22,5,0.138,0.192
2010-01-22,6,0.137,0.177
2010-01-22,7,0.23,0.325
2010-01-22,8,0.263,0.545
2010-01-22,9,0.446,1.336
2010-01-22,10,1.076,1.119
2010-01-22,11,0.755,0.772
2010-01-22,12,0.265,0.547
2010-01-22,13,0.278,1.85
2010-01-22,14,0.746,2.269
2010-01-22,15,0.205,0.269
2010-01-22,16,0.255,0.295
2010-01-22,17,0.242,0.245
2010-01-22,18,0.797,0.879
2010-01-22,19,0.201,0.218
2010-01-22,20,0.289,0.332
2010-01-22,21,0.218,0.297
2010-01-22,22,0.354,0.41
2010-01-22,23,0.292,0.306
2010-01-22,24,0.387,0.506
2010-01-23,1,0.423,0.789
2010-01-23,2,0.175,0.842
2010-01-23,3,0.137,0.15
2010-01-23,4,0.152,0.223
2010-01-23,5,0.156,0.319
2010-01-23,6,0.153,0.261
2010-01-23,7,0.141,0.176
2010-01-23,8,0.14,0.217
2010-01-23,9,0.242,0.274
2010-01-23,10,0.424,0.451
2010-01-23,11,0.171,0.498
2010-01-23,12,0.139,0.217
2010-01-23,13,0.372,0.769
2010-01-23,14,0.486,2.073
2010-01-23,15,0.292,2.006
2010-01-23,16,0.383,1.691
2010-01-23,17,0.346,0.433
2010-01-23,18,0.259,0.436
2010-01-23,19,0.562,1.237
2010-01-23,20,2.776,3.431
2010-01-23,21,1.378,1.957
2010-01-23,22,1.507,1.643
2010-01-23,23,1.458,1.549
2010-01-23,24,1.443,1.805
2010-01-24,1,0.444,1.167
2010-01-24,2,0.144,0.321
2010-01-24,3,0.12,0.196
2010-01-24,4,0.191,0.214
2010-01-24,5,0.176,0.259
2010-01-24,6,0.138,0.178
2010-01-24,7,0.137,0.153
2010-01-24,8,0.271,0.299
2010-01-24,9,0.214,0.229
2010-01-24,10,0.208,0.532
2010-01-24,11,0.231,0.317
2010-01-24,12,0.474,0.86
2010-01-24,13,0.219,0.279
2010-01-24,14,0.247,0.297
2010-01-24,15,0.347,0.352
2010-01-24,16,0.263,0.265
2010-01-24,17,0.224,0.229
2010-01-24,18,0.941,0.957
2010-01-24,19,1.854,2.95
2010-01-24,20,1.46,2.236
2010-01-24,21,1.159,1.525
2010-01-24,22,0.466,0.531
2010-01-24,23,0.725,1.195
2010-01-24,24,0.279,1.419
2010-01-25,1,0.157,0.267
2010-01-25,2,0.159,0.176
2010-01-25,3,0.254,0.267
2010-01-25,4,0.124,0.219
2010-01-25,5,0.134,0.183
2010-01-25,6,0.259,0.262
2010-01-25,7,0.129,0.149
2010-01-25,8,0.301,0.314
2010-01-25,9,0.481,0.659
2010-01-25,10,0.201,0.615
2010-01-25,11,0.118,0.129
2010-01-25,12,0.119,0.235
2010-01-25,13,0.192,0.262
2010-01-25,14,0.146,0.253
2010-01-25,15,0.114,0.139
2010-01-25,16,0.152,0.203
2010-01-25,17,0.259,0.321
2010-01-25,18,0.288,0.3
2010-01-25,19,0.423,0.908
2010-01-25,20,0.684,0.738
2010-01-25,21,1.587,2.484
2010-01-25,22,1.36,1.42
2010-01-25,23,1.385,1.463
2010-01-25,24,1.518,1.568
2010-01-26,1,1.234,1.964
2010-01-26,2,0.441,1.522
2010-01-26,3,0.175,0.257
2010-01-26,4,0.151,0.197
2010-01-26,5,0.115,0.135
2010-01-26,6,0.18,0.354
2010-01-26,7,0.165,0.212
2010-01-26,8,0.292,0.55
2010-01-26,9,0.232,0.264
2010-01-26,10,0.271,0.283
2010-01-26,11,0.171,0.194
2010-01-26,12,0.225,0.227
2010-01-26,13,0.19,0.26
2010-01-26,14,1.127,2.299
2010-01-26,15,0.154,1.474
2010-01-26,16,0.212,0.275
2010-01-26,17,0.335,0.383
2010-01-26,18,0.343,0.35
2010-01-26,19,0.688,0.991
2010-01-26,20,1.085,1.257
2010-01-26,21,1.071,1.229
2010-01-26,22,2.181,2.906
2010-01-26,23,1.49,2.309
2010-01-26,24,1.494,1.802
2010-01-27,1,0.213,0.973
2010-01-27,2,0.212,0.387
2010-01-27,3,0.125,0.157
2010-01-27,4,0.131,0.204
2010-01-27,5,0.243,0.246
2010-01-27,6,0.141,0.219
2010-01-27,7,0.12,0.143
2010-01-27,8,0.304,0.516
2010-01-27,9,0.508,0.615
2010-01-27,10,0.182,0.55
2010-01-27,11,0.118,0.193
2010-01-27,12,0.218,0.304
2010-01-27,13,0.122,0.213
2010-01-27,14,0.125,0.15
2010-01-27,15,0.138,0.296
2010-01-27,16,0.158,0.264
2010-01-27,17,0.115,0.335
2010-01-27,18,0.243,0.722
2010-01-27,19,1.066,3.035
2010-01-27,20,2.88,3.287
2010-01-27,21,1.465,2.496
2010-01-27,22,1.576,1.868
2010-01-27,23,1.504,1.587
2010-01-27,24,0.584,1.575
2010-01-28,1,0.248,0.299
2010-01-28,2,0.187,0.303
2010-01-28,3,0.16,0.252
2010-01-28,4,0.143,0.335
2010-01-28,5,0.135,0.141
2010-01-28,6,0.135,0.249
2010-01-28,7,0.195,0.31
2010-01-28,8,0.232,0.28
2010-01-28,9,0.226,0.288
2010-01-28,10,0.877,1.012
2010-01-28,11,0.404,0.543
2010-01-28,12,0.168,1.59
2010-01-28,13,0.198,0.788
2010-01-28,14,0.179,0.294
2010-01-28,15,0.162,0.317
2010-01-28,16,0.328,0.417
2010-01-28,17,0.276,0.419
2010-01-28,18,0.923,0.937
2010-01-28,19,0.861,0.996
2010-01-28,20,2.377,3.15
2010-01-28,21,1.298,2.122
2010-01-28,22,0.693,0.804
2010-01-28,23,0.796,1.166
2010-01-28,24,0.388,2.023
2010-01-29,1,0.256,1.796
2010-01-29,2,0.13,0.213
2010-01-29,3,0.118,0.16
2010-01-29,4,0.169,0.392
2010-01-29,5,0.162,0.248
2010-01-29,6,0.16,0.239
2010-01-29,7,0.167,0.167
2010-01-29,8,0.435,0.672
2010-01-29,9,0.602,1.452
2010-01-29,10,0.727,1.032
2010-01-29,11,0.664,0.685
2010-01-29,12,0.769,0.855
2010-01-29,13,0.157,0.212
2010-01-29,14,0.17,0.215
2010-01-29,15,0.139,0.156
2010-01-29,16,0.246,0.277
2010-01-29,17,0.264,0.267
2010-01-29,18,0.32,0.355
2010-01-29,19,0.194,0.203
2010-01-29,20,0.255,0.274
2010-01-29,21,0.375,2.092
2010-01-29,22,1.365,2.142
2010-01-29,23,0.89,1.01
2010-01-29,24,0.873,1.224
2010-01-30,1,0.265,0.672
2010-01-30,2,0.119,0.152
2010-01-30,3,0.167,0.19
2010-01-30,4,0.24,0.241
2010-01-30,5,0.148,0.195
2010-01-30,6,0.128,0.134
2010-01-30,7,0.173,0.176
2010-01-30,8,0.19,0.287
2010-01-30,9,0.276,0.299
2010-01-30,10,0.22,0.372
2010-01-30,11,0.43,0.446
2010-01-30,12,0.238,0.71
2010-01-30,13,0.349,0.65
2010-01-30,14,0.146,2.066
2010-01-30,15,0.61,0.612
2010-01-30,16,1.977,3.102
2010-01-30,17,0.421,1.24
2010-01-30,18,0.463,0.801
2010-01-30,19,0.882,2.57
2010-01-30,20,3.277,4.544
2010-01-30,21,1.049,1.098
2010-01-30,22,1.277,1.378
2010-01-30,23,1.188,1.572
2010-01-30,24,0.535,1.211
2010-01-31,1,0.48,0.498
2010-01-31,2,0.208,0.397
2010-01-31,3,0.148,0.255
2010-01-31,4,0.168,0.196
2010-01-31,5,0.279,0.287
2010-01-31,6,0.16,0.194
2010-01-31,7,0.16,0.237
2010-01-31,8,0.14,0.186
2010-01-31,9,0.339,0.553
2010-01-31,10,0.211,0.337
2010-01-31,11,0.701,0.758
2010-01-31,12,0.336,0.339
2010-01-31,13,0.437,0.53
2010-01-31,14,0.566,0.584
2010-01-31,15,0.811,0.956
2010-01-31,16,0.815,2.308
2010-01-31,17,0.457,1.921
2010-01-31,18,1.669,1.804
2010-01-31,19,4.049,4.554
2010-01-31,20,1.999,4.58
2010-01-31,21,2.036,4.194
2010-01-31,22,1.286,1.809
2010-01-31,23,0.665,1.277
2010-01-31,24,0.282,0.395
2010-02-01,1,0.188,0.198
2010-02-01,2,0.18,0.202
2010-02-01,3,0.17,0.263
2010-02-01,4,0.13,0.23
2010-02-01,5,0.122,0.135
2010-02-01,6,0.262,0.286
2010-02-01,7,0.161,0.192
2010-02-01,8,0.261,0.271
2010-02-01,9,0.448,0.481
2010-02-01,10,0.27,0.527
2010-02-01,11,0.112,0.178
2010-02-01,12,0.145,0.201
2010-02-01,13,0.13,0.134
2010-02-01,14,0.176,0.303
2010-02-01,15,0.138,0.237
2010-02-01,16,0.164,0.247
2010-02-01,17,0.209,0.227
2010-02-01,18,0.303,0.313
2010-02-01,19,0.328,0.421
2010-02-01,20,0.785,2.736
2010-02-01,21,1.135,1.75
2010-02-01,22,1.007,1.277
2010-02-01,23,0.524,1.407
2010-02-01,24,0.155,0.194
2010-02-02,1,0.344,0.35
2010-02-02,2,0.128,0.168
2010-02-02,3,0.179,0.179
2010-02-02,4,0.136,0.18
2010-02-02,5,0.19,0.347
2010-02-02,6,0.136,0.142
2010-02-02,7,0.212,0.296
2010-02-02,8,0.477,0.541
2010-02-02,9,0.297,0.454
2010-02-02,10,0.116,0.211
2010-02-02,11,0.183,0.293
2010-02-02,12,0.384,0.405
2010-02-02,13,0.372,0.426
2010-02-02,14,0.162,0.221
2010-02-02,15,0.125,0.138
2010-02-02,16,0.174,0.242
2010-02-02,17,0.23,0.317
2010-02-02,18,0.337,0.432
2010-02-02,19,0.193,0.499
2010-02-02,20,0.747,1.195
2010-02-02,21,1.067,1.378
2010-02-02,22,1.468,1.515
2010-02-02,23,1.497,2.484
2010-02-02,24,0.923,2.758
2010-02-03,1,0.184,0.665
2010-02-03,2,0.153,0.162
2010-02-03,3,0.14,0.197
2010-02-03,4,0.213,0.32
2010-02-03,5,0.123,0.203
2010-02-03,6,0.14,0.19
2010-02-03,7,0.141,0.172
2010-02-03,8,0.181,0.396
2010-02-03,9,0.297,0.431
2010-02-03,10,0.545,0.551
2010-02-03,11,0.141,0.145
2010-02-03,12,0.296,0.309
2010-02-03,13,0.139,0.149
2010-02-03,14,0.162,0.199
2010-02-03,15,0.139,0.143
2010-02-03,16,0.277,0.322
2010-02-03,17,0.155,0.155
2010-02-03,18,0.251,0.363
2010-02-03,19,0.234,0.556
2010-02-03,20,0.891,0.927
2010-02-03,21,1.741,1.827
2010-02-03,22,1.449,2.506
2010-02-03,23,1.376,1.454
2010-02-03,24,0.499,1.23
2010-02-04,1,0.223,0.622
2010-02-04,2,0.154,0.331
2010-02-04,3,0.128,0.3
2010-02-04,4,0.143,0.147
2010-02-04,5,0.137,0.204
2010-02-04,6,0.222,0.265
2010-02-04,7,0.117,0.241
2010-02-04,8,0.138,0.155
2010-02-04,9,0.462,0.495
2010-02-04,10,0.381,0.746
2010-02-04,11,0.207,1.06
2010-02-04,12,0.305,0.639
2010-02-04,13,0.272,0.326
2010-02-04,14,0.163,0.241
2010-02-04,15,0.124,0.145
2010-02-04,16,0.17,0.227
2010-02-04,17,0.247,0.272
2010-02-04,18,0.376,0.743
2010-02-04,19,1.271,1.496
2010-02-04,20,1.957,3.057
2010-02-04,21,1.558,1.566
2010-02-04,22,1.028,1.125
2010-02-04,23,1.308,1.662
2010-02-04,24,0.469,1.226
2010-02-05,1,0.216,0.305
2010-02-05,2,0.261,0.273
2010-02-05,3,0.125,0.181
2010-02-05,4,0.143,0.216
2010-02-05,5,0.182,0.272
2010-02-05,6,0.184,0.224
2010-02-05,7,0.129,0.176
2010-02-05,8,0.135,0.249
2010-02-05,9,0.276,0.539
2010-02-05,10,0.585,0.819
2010-02-05,11,0.693,0.876
2010-02-05,12,0.371,0.812
2010-02-05,13,0.548,1.156
2010-02-05,14,0.209,0.278
2010-02-05,15,0.136,0.151
2010-02-05,16,0.403,0.576
2010-02-05,17,0.398,0.414
2010-02-05,18,0.359,0.449
2010-02-05,19,0.286,0.485
2010-02-05,20,0.336,0.436
2010-02-05,21,0.346,0.427
2010-02-05,22,1.32,1.884
2010-02-05,23,0.97,1.56
2010-02-05,24,0.952,1.19
2010-02-06,1,1.12,1.735
2010-02-06,2,0.139,1.634
2010-02-06,3,0.127,0.368
2010-02-06,4,0.117,0.264
2010-02-06,5,0.138,0.235
2010-02-06,6,0.132,0.14
2010-02-06,7,0.14,0.347
2010-02-06,8,0.129,0.258
2010-02-06,9,0.124,0.479
2010-02-06,10,0.429,0.491
2010-02-06,11,0.345,0.946
2010-02-06,12,0.256,0.258
2010-02-06,13,0.278,0.408
2010-02-06,14,0.286,0.292
2010-02-06,15,0.391,1.049
2010-02-06,16,0.536,0.584
2010-02-06,17,0.663,0.708
2010-02-06,18,0.751,0.781
2010-02-06,19,0.856,1.029
2010-02-06,20,1.04,1.615
2010-02-06,21,3.368,3.657
2010-02-06,22,1.573,1.782
2010-02-06,23,2.97,3.766
2010-02-06,24,1.204,1.387
2010-02-07,1,1.209,1.376
2010-02-07,2,0.261,1.648
2010-02-07,3,0.182,0.196
2010-02-07,4,0.246,0.312
2010-02-07,5,0.208,0.322
2010-02-07,6,0.245,0.251
2010-02-07,7,0.176,0.196
2010-02-07,8,0.276,1.034
2010-02-07,9,0.234,0.631
2010-02-07,10,0.182,0.301
2010-02-07,11,3.659,4.555
2010-02-07,12,0.21,0.597
2010-02-07,13,0.134,0.181
2010-02-07,14,1.071,1.869
2010-02-07,15,0.698,2.429
2010-02-07,16,0.679,0.727
2010-02-07,17,0.663,0.666
2010-02-07,18,0.787,1.046
2010-02-07,19,0.926,2.102
2010-02-07,20,1.436,2.903
2010-02-07,21,1.665,2.085
2010-02-07,22,1.469,1.531
2010-02-07,23,0.561,1.689
2010-02-07,24,0.325,0.334
2010-02-08,1,0.189,0.249
2010-02-08,2,0.12,0.174
2010-02-08,3,0.136,0.218
2010-02-08,4,0.219,0.288
2010-02-08,5,0.115,0.199
2010-02-08,6,0.155,0.171
2010-02-08,7,0.184,0.262
2010-02-08,8,0.332,0.394
2010-02-08,9,0.195,0.49
2010-02-08,10,0.136,0.362
2010-02-08,11,0.135,0.214
2010-02-08,12,0.193,0.305
2010-02-08,13,0.132,0.188
2010-02-08,14,0.14,0.162
2010-02-08,15,0.119,0.191
2010-02-08,16,0.261,0.312
2010-02-08,17,0.241,0.25
2010-02-08,18,0.321,0.598
2010-02-08,19,0.639,0.976
2010-02-08,20,0.91,1.926
2010-02-08,21,0.762,0.836
2010-02-08,22,0.69,0.786
2010-02-08,23,1.138,1.526
2010-02-08,24,0.467,0.532
2010-02-09,1,0.244,0.954
2010-02-09,2,0.15,0.294
2010-02-09,3,0.127,0.292
2010-02-09,4,0.123,0.174
2010-02-09,5,0.134,0.178
2010-02-09,6,0.155,0.319
2010-02-09,7,0.203,0.389
2010-02-09,8,0.271,0.681
2010-02-09,9,0.14,0.234
2010-02-09,10,0.216,0.641
2010-02-09,11,0.3,1.049
2010-02-09,12,0.278,1.619
2010-02-09,13,0.354,2.256
2010-02-09,14,0.145,0.256
2010-02-09,15,0.128,0.215
2010-02-09,16,0.169,0.28
2010-02-09,17,0.305,0.34
2010-02-09,18,0.193,0.302
2010-02-09,19,0.335,1.354
2010-02-09,20,1.825,1.855
2010-02-09,21,1.524,2.628
2010-02-09,22,0.844,0.875
2010-02-09,23,0.964,1.064
2010-02-09,24,1.446,2.292
2010-02-10,1,0.498,1.593
2010-02-10,2,0.165,0.261
2010-02-10,3,0.172,0.345
2010-02-10,4,0.156,0.16
2010-02-10,5,0.148,0.249
2010-02-10,6,0.252,0.255
2010-02-10,7,0.159,0.288
2010-02-10,8,0.254,0.326
2010-02-10,9,0.224,0.339
2010-02-10,10,0.229,0.833
2010-02-10,11,0.14,0.161
2010-02-10,12,0.2,0.204
2010-02-10,13,0.167,0.289
2010-02-10,14,0.222,0.235
2010-02-10,15,0.163,0.181
2010-02-10,16,0.143,0.237
2010-02-10,17,0.389,0.391
2010-02-10,18,0.23,0.329
2010-02-10,19,0.62,0.72
2010-02-10,20,1.548,3.136
2010-02-10,21,1.94,3.619
2010-02-10,22,1.241,1.448
2010-02-10,23,1.524,1.845
2010-02-10,24,0.281,0.496
2010-02-11,1,0.192,0.229
2010-02-11,2,0.192,0.287
2010-02-11,3,0.139,0.261
2010-02-11,4,0.119,0.14
2010-02-11,5,0.183,0.201
2010-02-11,6,0.216,0.252
2010-02-11,7,0.118,0.275
2010-02-11,8,0.259,0.276
2010-02-11,9,0.191,0.224
2010-02-11,10,0.422,0.748
2010-02-11,11,0.153,0.164
2010-02-11,12,0.207,0.211
2010-02-11,13,0.276,0.285
2010-02-11,14,0.226,0.234
2010-02-11,15,0.13,0.138
2010-02-11,16,0.118,0.226
2010-02-11,17,0.303,0.333
2010-02-11,18,0.259,0.36
2010-02-11,19,0.43,2.018
2010-02-11,20,2.506,3.268
2010-02-11,21,1.921,2.607
2010-02-11,22,1.33,1.392
2010-02-11,23,1.247,1.63
2010-02-11,24,0.86,1.325
2010-02-12,1,0.205,0.303
2010-02-12,2,0.17,0.247
2010-02-12,3,0.239,0.284
2010-02-12,4,0.14,0.152
2010-02-12,5,0.155,0.191
2010-02-12,6,0.297,0.332
2010-02-12,7,0.255,0.279
2010-02-12,8,0.621,0.73
2010-02-12,9,0.241,0.31
2010-02-12,10,0.361,0.852
2010-02-12,11,0.294,0.727
2010-02-12,12,0.572,0.854
2010-02-12,13,0.519,0.709
2010-02-12,14,0.172,0.292
2010-02-12,15,1.034,1.412
2010-02-12,16,1.785,2.373
2010-02-12,17,1.197,1.228
2010-02-12,18,0.325,0.504
2010-02-12,19,1.016,1.288
2010-02-12,20,0.926,1.103
2010-02-12,21,0.885,1.019
2010-02-12,22,1.864,2.741
2010-02-12,23,1.601,2.183
2010-02-12,24,1.417,1.441
2010-02-13,1,0.284,1.0
2010-02-13,2,0.124,0.135
2010-02-13,3,0.126,0.215
2010-02-13,4,0.205,0.259
2010-02-13,5,0.175,0.186
2010-02-13,6,0.109,0.13
2010-02-13,7,0.128,0.355
2010-02-13,8,0.189,1.599
2010-02-13,9,0.348,0.83
2010-02-13,10,0.246,0.487
2010-02-13,11,0.747,3.961
2010-02-13,12,0.25,0.745
2010-02-13,13,0.256,0.273
2010-02-13,14,0.317,0.416
2010-02-13,15,0.356,0.533
2010-02-13,16,0.296,0.491
2010-02-13,17,0.498,0.509
2010-02-13,18,0.372,0.637
2010-02-13,19,1.061,1.361
2010-02-13,20,0.365,0.429
2010-02-13,21,1.077,3.575
2010-02-13,22,1.295,1.542
2010-02-13,23,1.459,1.459
2010-02-13,24,1.827,2.188
2010-02-14,1,1.428,1.979
2010-02-14,2,0.869,1.161
2010-02-14,3,0.134,0.285
2010-02-14,4,0.227,0.275
2010-02-14,5,0.138,0.25
2010-02-14,6,0.14,0.222
2010-02-14,7,0.113,0.134
2010-02-14,8,0.245,0.328
2010-02-14,9,0.208,0.756
2010-02-14,10,0.215,0.229
2010-02-14,11,0.33,1.011
2010-02-14,12,0.343,1.209
2010-02-14,13,2.19,3.376
2010-02-14,14,0.802,1.283
2010-02-14,15,0.332,0.445
2010-02-14,16,0.304,0.428
2010-02-14,17,0.268,0.374
2010-02-14,18,1.18,1.714
2010-02-14,19,1.134,1.218
2010-02-14,20,4.659,4.966
2010-02-14,21,1.15,3.475
2010-02-14,22,0.955,1.478
2010-02-14,23,0.289,2.024
2010-02-14,24,0.31,0.336
2010-02-15,1,0.216,0.239
2010-02-15,2,0.158,0.269
2010-02-15,3,0.208,0.233
2010-02-15,4,0.138,0.156
2010-02-15,5,0.117,0.303
2010-02-15,6,0.119,0.324
2010-02-15,7,0.137,0.205
2010-02-15,8,2.938,2.962
2010-02-15,9,0.932,2.987
2010-02-15,10,0.46,1.906
2010-02-15,11,0.238,1.817
2010-02-15,12,0.138,0.294
2010-02-15,13,0.181,0.288
2010-02-15,14,0.132,0.195
2010-02-15,15,0.14,0.185
2010-02-15,16,0.143,0.265
2010-02-15,17,0.156,0.352
2010-02-15,18,0.207,0.268
2010-02-15,19,0.64,2.28
2010-02-15,20,1.749,1.993
2010-02-15,21,1.221,1.363
2010-02-15,22,1.128,1.187
2010-02-15,23,1.372,1.62
2010-02-15,24,0.559,1.272
2010-02-16,1,0.19,0.346
2010-02-16,2,0.201,0.288
2010-02-16,3,0.156,0.349
2010-02-16,4,0.157,0.162
2010-02-16,5,0.183,0.216
2010-02-16,6,0.268,0.271
2010-02-16,7,0.167,0.231
2010-02-16,8,0.262,0.349
2010-02-16,9,0.243,0.273
2010-02-16,10,0.282,0.348
2010-02-16,11,0.2,0.209
2010-02-16,12,0.223,0.344
2010-02-16,13,0.165,0.274
2010-02-16,14,0.209,0.339
2010-02-16,15,0.142,0.161
2010-02-16,16,0.201,0.208
2010-02-16,17,0.176,0.349
2010-02-16,18,0.367,0.39
2010-02-16,19,0.309,0.681
2010-02-16,20,1.01,1.606
2010-02-16,21,2.217,2.248
2010-02-16,22,1.314,1.924
2010-02-16,23,2.767,4.034
2010-02-16,24,1.174,1.42
2010-02-17,1,0.179,0.359
2010-02-17,2,0.154,0.229
2010-02-17,3,0.138,0.141
2010-02-17,4,0.207,0.301
2010-02-17,5,0.118,0.248
2010-02-17,6,0.137,0.138
2010-02-17,7,0.149,0.214
2010-02-17,8,0.204,0.354
2010-02-17,9,0.358,0.359
2010-02-17,10,0.249,1.11
2010-02-17,11,0.135,0.225
2010-02-17,12,0.209,0.238
2010-02-17,13,0.19,0.224
2010-02-17,14,0.137,0.139
2010-02-17,15,0.12,0.192
2010-02-17,16,0.209,0.25
2010-02-17,17,0.182,0.238
2010-02-17,18,0.256,0.348
2010-02-17,19,0.233,0.522
2010-02-17,20,0.66,1.56
2010-02-17,21,0.419,0.523
2010-02-17,22,0.451,0.457
2010-02-17,23,0.339,0.389
2010-02-17,24,0.906,1.28
2010-02-18,1,0.175,0.378
2010-02-18,2,0.174,0.247
2010-02-18,3,0.153,0.159
2010-02-18,4,0.203,0.358
2010-02-18,5,0.146,0.235
2010-02-18,6,0.159,0.218
2010-02-18,7,0.187,0.195
2010-02-18,8,0.256,0.274
2010-02-18,9,0.335,0.466
2010-02-18,10,0.842,1.397
2010-02-18,11,0.369,0.454
2010-02-18,12,0.165,1.769
2010-02-18,13,0.482,2.544
2010-02-18,14,0.158,0.34
2010-02-18,15,0.129,0.244
2010-02-18,16,0.872,1.906
2010-02-18,17,0.54,1.868
2010-02-18,18,1.778,3.061
2010-02-18,19,0.875,1.396
2010-02-18,20,4.327,4.74
2010-02-18,21,2.284,3.367
2010-02-18,22,0.582,0.676
2010-02-18,23,0.759,0.947
2010-02-18,24,1.158,1.364
2010-02-19,1,0.268,0.485
2010-02-19,2,0.322,0.438
2010-02-19,3,0.235,0.3
2010-02-19,4,0.245,0.289
2010-02-19,5,0.274,0.279
2010-02-19,6,0.352,0.361
2010-02-19,7,0.256,0.279
2010-02-19,8,0.361,0.46
2010-02-19,9,0.324,2.175
2010-02-19,10,0.632,0.765
2010-02-19,11,0.612,1.282
2010-02-19,12,0.398,0.772
2010-02-19,13,1.186,1.338
2010-02-19,14,0.223,0.541
2010-02-19,15,0.176,0.184
2010-02-19,16,0.136,0.141
2010-02-19,17,0.194,0.296
2010-02-19,18,0.307,0.376
2010-02-19,19,0.289,0.369
2010-02-19,20,0.157,0.319
2010-02-19,21,0.821,0.848
2010-02-19,22,1.003,1.021
2010-02-19,23,0.751,0.928
2010-02-19,24,0.467,0.506
2010-02-20,1,1.177,2.11
2010-02-20,2,0.353,2.127
2010-02-20,3,0.138,0.169
2010-02-20,4,0.127,0.212
2010-02-20,5,0.173,0.175
2010-02-20,6,0.269,0.269
2010-02-20,7,0.139,0.193
2010-02-20,8,0.134,0.136
2010-02-20,9,0.243,0.323
2010-02-20,10,0.597,0.758
2010-02-20,11,0.512,0.571
2010-02-20,12,0.309,1.177
2010-02-20,13,0.267,0.337
2010-02-20,14,0.165,0.245
2010-02-20,15,0.455,1.07
2010-02-20,16,0.416,0.418
2010-02-20,17,0.272,0.344
2010-02-20,18,0.259,0.767
2010-02-20,19,0.841,1.305
2010-02-20,20,1.647,3.535
2010-02-20,21,1.175,1.425
2010-02-20,22,1.021,1.184
2010-02-20,23,1.062,1.333
2010-02-20,24,0.275,1.175
2010-02-21,1,0.201,0.282
2010-02-21,2,0.16,0.324
2010-02-21,3,0.119,0.139
2010-02-21,4,0.138,0.225
2010-02-21,5,0.216,0.265
2010-02-21,6,0.158,0.21
2010-02-21,7,0.124,0.174
2010-02-21,8,0.141,0.228
2010-02-21,9,0.305,0.567
2010-02-21,10,0.245,0.3
2010-02-21,11,0.761,0.82
2010-02-21,12,0.865,1.532
2010-02-21,13,0.306,1.825
2010-02-21,14,0.207,0.229
2010-02-21,15,0.204,0.21
2010-02-21,16,0.3,0.437
2010-02-21,17,0.295,0.314
2010-02-21,18,0.399,0.407
2010-02-21,19,0.883,1.895
2010-02-21,20,2.365,2.757
2010-02-21,21,1.639,2.114
2010-02-21,22,1.266,1.333
2010-02-21,23,1.283,1.38
2010-02-21,24,0.178,0.348
2010-02-22,1,0.25,0.375
2010-02-22,2,0.14,0.198
2010-02-22,3,0.151,0.218
2010-02-22,4,0.126,0.176
2010-02-22,5,0.264,0.281
2010-02-22,6,0.137,0.167
2010-02-22,7,0.135,0.163
2010-02-22,8,0.231,0.242
2010-02-22,9,0.344,0.697
2010-02-22,10,0.134,0.406
2010-02-22,11,0.114,0.158
2010-02-22,12,0.161,0.208
2010-02-22,13,0.231,0.267
2010-02-22,14,0.139,0.207
2010-02-22,15,0.12,0.139
2010-02-22,16,0.161,0.232
2010-02-22,17,0.261,0.27
2010-02-22,18,0.267,0.323
2010-02-22,19,0.659,1.637
2010-02-22,20,1.294,1.439
2010-02-22,21,0.801,1.455
2010-02-22,22,0.762,0.963
2010-02-22,23,0.819,1.014
2010-02-22,24,0.33,1.554
2010-02-23,1,0.153,0.242
2010-02-23,2,0.176,0.197
2010-02-23,3,0.215,0.259
2010-02-23,4,0.135,0.159
2010-02-23,5,0.125,0.157
2010-02-23,6,0.2,0.242
2010-02-23,7,0.198,0.248
2010-02-23,8,0.393,0.469
2010-02-23,9,0.211,0.221
2010-02-23,10,0.263,0.392
2010-02-23,11,0.137,0.222
2010-02-23,12,0.141,0.204
2010-02-23,13,0.195,0.302
2010-02-23,14,0.329,0.35
2010-02-23,15,0.358,0.544
2010-02-23,16,0.216,0.502
2010-02-23,17,0.495,0.867
2010-02-23,18,0.81,1.077
2010-02-23,19,1.103,1.367
2010-02-23,20,1.076,1.088
2010-02-23,21,2.661,3.699
2010-02-23,22,1.272,1.274
2010-02-23,23,1.226,1.416
2010-02-23,24,0.211,0.566
2010-02-24,1,0.175,0.219
2010-02-24,2,0.156,0.182
2010-02-24,3,0.266,0.268
2010-02-24,4,0.134,0.175
2010-02-24,5,0.115,0.215
2010-02-24,6,0.154,0.248
2010-02-24,7,0.196,0.269
2010-02-24,8,0.159,0.183
2010-02-24,9,0.216,0.348
2010-02-24,10,0.796,0.96
2010-02-24,11,1.288,1.431
2010-02-24,12,0.124,0.429
2010-02-24,13,0.135,0.216
2010-02-24,14,0.245,0.276
2010-02-24,15,0.123,0.208
2010-02-24,16,0.125,0.171
2010-02-24,17,0.14,0.209
2010-02-24,18,0.402,0.46
2010-02-24,19,0.435,0.537
2010-02-24,20,0.924,2.717
2010-02-24,21,1.636,3.335
2010-02-24,22,1.245,1.42
2010-02-24,23,1.395,1.419
2010-02-24,24,0.336,0.445
2010-02-25,1,0.278,0.35
2010-02-25,2,0.178,0.191
2010-02-25,3,0.257,0.405
2010-02-25,4,0.153,0.256
2010-02-25,5,0.197,0.209
2010-02-25,6,0.142,0.154
2010-02-25,7,0.168,0.318
2010-02-25,8,0.185,0.278
2010-02-25,9,0.308,0.321
2010-02-25,10,0.795,1.338
2010-02-25,11,0.222,0.41
2010-02-25,12,0.235,0.369
2010-02-25,13,0.155,0.227
2010-02-25,14,0.166,0.834
2010-02-25,15,0.275,0.657
2010-02-25,16,0.283,0.406
2010-02-25,17,0.242,0.919
2010-02-25,18,0.302,0.492
2010-02-25,19,1.107,1.468
2010-02-25,20,1.247,1.816
2010-02-25,21,1.267,1.3
2010-02-25,22,1.891,2.912
2010-02-25,23,0.863,1.591
2010-02-25,24,0.536,0.974
2010-02-26,1,0.168,0.335
2010-02-26,2,0.255,0.282
2010-02-26,3,0.162,0.263
2010-02-26,4,0.138,0.159
2010-02-26,5,0.191,0.229
2010-02-26,6,0.259,0.272
2010-02-26,7,0.198,0.23
2010-02-26,8,0.158,0.162
2010-02-26,9,0.284,0.637
2010-02-26,10,0.693,1.158
2010-02-26,11,0.539,1.021
2010-02-26,12,0.362,1.151
2010-02-26,13,1.418,1.451
2010-02-26,14,0.56,0.959
2010-02-26,15,0.193,0.218
2010-02-26,16,0.13,0.193
2010-02-26,17,0.228,0.324
2010-02-26,18,0.256,0.341
2010-02-26,19,0.231,0.814
2010-02-26,20,1.15,1.344
2010-02-26,21,1.357,4.504
2010-02-26,22,0.927,1.169
2010-02-26,23,0.729,1.564
2010-02-26,24,0.462,1.011
2010-02-27,1,0.202,0.224
2010-02-27,2,0.211,0.338
2010-02-27,3,0.156,0.264
2010-02-27,4,0.2,0.2
2010-02-27,5,0.136,0.155
2010-02-27,6,0.27,0.371
2010-02-27,7,0.177,0.197
2010-02-27,8,2.968,3.006
2010-02-27,9,0.257,1.541
2010-02-27,10,0.247,0.561
2010-02-27,11,0.199,0.626
2010-02-27,12,0.141,0.233
2010-02-27,13,0.177,0.196
2010-02-27,14,0.147,0.26
2010-02-27,15,0.178,0.33
2010-02-27,16,0.196,0.967
2010-02-27,17,1.19,1.724
2010-02-27,18,0.991,1.542
2010-02-27,19,1.378,3.546
2010-02-27,20,2.172,5.244
2010-02-27,21,0.641,0.791
2010-02-27,22,0.661,0.714
2010-02-27,23,0.864,0.868
2010-02-27,24,1.158,1.292
2010-02-28,1,0.236,0.446
2010-02-28,2,0.192,0.264
2010-02-28,3,0.194,0.23
2010-02-28,4,0.136,0.174
2010-02-28,5,0.135,0.14
2010-02-28,6,0.248,0.366
2010-02-28,7,0.119,0.269
2010-02-28,8,0.411,2.919
2010-02-28,9,0.206,0.212
2010-02-28,10,0.349,0.354
2010-02-28,11,0.317,0.787
2010-02-28,12,0.135,0.338
2010-02-28,13,0.212,0.243
2010-02-28,14,0.294,0.483
2010-02-28,15,0.162,0.253
2010-02-28,16,0.249,0.359
2010-02-28,17,0.438,0.444
2010-02-28,18,0.307,2.188
2010-02-28,19,0.895,1.405
2010-02-28,20,1.996,1.999
2010-02-28,21,1.054,1.19
2010-02-28,22,0.655,0.713
2010-02-28,23,1.792,1.976
2010-02-28,24,0.374,1.661
2010-03-01,1,0.174,0.244
2010-03-01,2,0.148,0.169
2010-03-01,3,0.256,0.322
2010-03-01,4,0.125,0.17
2010-03-01,5,0.124,0.206
2010-03-01,6,0.135,0.143
2010-03-01,7,0.239,0.295
2010-03-01,8,2.634,3.04
2010-03-01,9,0.288,0.687
2010-03-01,10,0.135,0.18
2010-03-01,11,0.224,0.306
2010-03-01,12,0.129,0.192
2010-03-01,13,0.179,0.186
2010-03-01,14,0.135,0.141
2010-03-01,15,0.229,0.337
2010-03-01,16,0.132,0.138
2010-03-01,17,0.157,0.328
2010-03-01,18,0.264,0.291
2010-03-01,19,0.359,1.313
2010-03-01,20,0.974,1.01
2010-03-01,21,1.944,2.124
2010-03-01,22,0.855,0.946
2010-03-01,23,0.806,1.562
2010-03-01,24,1.387,1.928
2010-03-02,1,0.327,0.573
2010-03-02,2,0.129,0.151
2010-03-02,3,0.153,0.22
2010-03-02,4,0.15,0.254
2010-03-02,5,0.223,0.231
2010-03-02,6,0.128,0.141
2010-03-02,7,0.142,0.19
2010-03-02,8,0.43,2.197
2010-03-02,9,0.248,0.286
2010-03-02,10,0.209,0.252
2010-03-02,11,0.358,0.36
2010-03-02,12,0.337,0.372
2010-03-02,13,0.277,0.299
2010-03-02,14,0.122,0.137
2010-03-02,15,0.243,0.32
2010-03-02,16,0.135,0.166
2010-03-02,17,0.216,0.248
2010-03-02,18,0.253,0.271
2010-03-02,19,0.459,0.837
2010-03-02,20,2.115,2.636
2010-03-02,21,1.445,2.094
2010-03-02,22,1.318,1.376
2010-03-02,23,1.235,1.3
2010-03-02,24,0.916,1.374
2010-03-03,1,0.256,0.351
2010-03-03,2,0.14,0.241
2010-03-03,3,0.137,0.194
2010-03-03,4,0.222,0.269
2010-03-03,5,0.18,0.239
2010-03-03,6,0.156,0.752
2010-03-03,7,0.213,1.852
2010-03-03,8,0.334,0.392
2010-03-03,9,0.303,0.609
2010-03-03,10,0.161,0.161
2010-03-03,11,0.197,0.259
2010-03-03,12,0.173,0.238
2010-03-03,13,0.137,0.18
2010-03-03,14,0.117,0.214
2010-03-03,15,0.238,0.243
2010-03-03,16,0.16,0.21
2010-03-03,17,0.152,0.241
2010-03-03,18,0.249,0.304
2010-03-03,19,0.357,0.431
2010-03-03,20,0.162,0.742
2010-03-03,21,1.151,3.008
2010-03-03,22,1.233,1.243
2010-03-03,23,1.141,1.253
2010-03-03,24,1.404,1.552
2010-03-04,1,0.547,1.506
2010-03-04,2,0.122,0.291
2010-03-04,3,0.143,0.193
2010-03-04,4,0.176,0.214
2010-03-04,5,0.185,0.262
2010-03-04,6,0.17,0.64
2010-03-04,7,0.151,0.404
2010-03-04,8,0.344,0.418
2010-03-04,9,0.21,0.66
2010-03-04,10,0.3,0.318
2010-03-04,11,0.184,0.299
2010-03-04,12,0.139,0.253
2010-03-04,13,0.119,0.206
2010-03-04,14,0.183,0.22
2010-03-04,15,0.231,0.246
2010-03-04,16,0.143,0.361
2010-03-04,17,0.176,0.356
2010-03-04,18,0.38,0.383
2010-03-04,19,2.194,2.534
2010-03-04,20,0.318,0.833
2010-03-04,21,0.404,0.416
2010-03-04,22,0.349,0.373
2010-03-04,23,0.263,1.101
2010-03-04,24,0.471,0.796
2010-03-05,1,0.195,0.269
2010-03-05,2,0.146,0.264
2010-03-05,3,0.122,0.264
2010-03-05,4,0.121,0.329
2010-03-05,5,0.139,0.158
2010-03-05,6,0.218,0.7
2010-03-05,7,0.362,0.578
2010-03-05,8,0.365,0.435
2010-03-05,9,0.212,0.259
2010-03-05,10,0.22,1.116
2010-03-05,11,0.264,0.853
2010-03-05,12,0.394,0.491
2010-03-05,13,0.169,0.479
2010-03-05,14,0.236,0.356
2010-03-05,15,0.168,0.374
2010-03-05,16,0.52,0.667
2010-03-05,17,1.192,1.406
2010-03-05,18,0.614,1.494
2010-03-05,19,0.262,0.484
2010-03-05,20,0.373,0.848
2010-03-05,21,1.599,1.665
2010-03-05,22,1.744,3.549
2010-03-05,23,1.804,2.004
2010-03-05,24,2.071,2.102
2010-03-06,1,0.288,1.781
2010-03-06,2,0.183,0.26
2010-03-06,3,0.213,0.286
2010-03-06,4,0.207,0.219
2010-03-06,5,0.151,0.159
2010-03-06,6,0.249,0.935
2010-03-06,7,0.154,0.715
2010-03-06,8,0.18,0.282
2010-03-06,9,0.245,0.386
2010-03-06,10,0.437,0.868
2010-03-06,11,0.233,0.277
2010-03-06,12,0.401,0.681
2010-03-06,13,0.227,0.469
2010-03-06,14,0.238,0.87
2010-03-06,15,0.693,0.957
2010-03-06,16,0.263,2.169
2010-03-06,17,0.414,2.296
2010-03-06,18,0.678,1.512
2010-03-06,19,1.13,2.364
2010-03-06,20,0.528,1.1
2010-03-06,21,0.38,0.45
2010-03-06,22,0.573,0.98
2010-03-06,23,2.37,3.982
2010-03-06,24,0.733,0.905
2010-03-07,1,0.938,1.065
2010-03-07,2,0.967,1.0
2010-03-07,3,0.32,1.11
2010-03-07,4,0.342,0.344
2010-03-07,5,0.176,0.255
2010-03-07,6,0.167,0.651
2010-03-07,7,1.891,3.036
2010-03-07,8,0.196,0.2
2010-03-07,9,0.255,0.362
2010-03-07,10,0.265,0.359
2010-03-07,11,0.315,0.418
2010-03-07,12,1.976,2.116
2010-03-07,13,0.309,0.317
2010-03-07,14,0.24,0.266
2010-03-07,15,0.2,0.218
2010-03-07,16,1.142,2.241
2010-03-07,17,5.04,5.39
2010-03-07,18,2.486,2.512
2010-03-07,19,2.899,5.262
2010-03-07,20,2.024,2.386
2010-03-07,21,1.695,1.981
2010-03-07,22,0.882,1.007
2010-03-07,23,0.333,0.753
2010-03-07,24,0.168,0.356
2010-03-08,1,0.201,0.297
2010-03-08,2,0.137,0.361
2010-03-08,3,0.157,0.234
2010-03-08,4,0.119,0.211
2010-03-08,5,0.174,0.21
2010-03-08,6,0.253,0.877
2010-03-08,7,0.165,1.794
2010-03-08,8,0.235,0.255
2010-03-08,9,0.28,0.415
2010-03-08,10,0.279,0.619
2010-03-08,11,0.134,0.146
2010-03-08,12,0.167,0.212
2010-03-08,13,0.159,0.274
2010-03-08,14,0.211,0.236
2010-03-08,15,0.116,0.139
2010-03-08,16,0.161,0.225
2010-03-08,17,0.285,0.329
2010-03-08,18,0.232,0.299
2010-03-08,19,0.219,0.239
2010-03-08,20,0.215,0.915
2010-03-08,21,1.718,3.134
2010-03-08,22,1.756,1.812
2010-03-08,23,1.776,1.902
2010-03-08,24,2.216,2.293
2010-03-09,1,0.368,1.581
2010-03-09,2,0.227,0.296
2010-03-09,3,0.121,0.222
2010-03-09,4,0.173,0.2
2010-03-09,5,0.135,0.159
2010-03-09,6,0.251,0.313
2010-03-09,7,0.148,0.172
2010-03-09,8,0.938,2.021
2010-03-09,9,0.275,0.295
2010-03-09,10,0.777,0.873
2010-03-09,11,0.393,1.159
2010-03-09,12,0.315,1.869
2010-03-09,13,0.217,0.269
2010-03-09,14,0.16,0.232
2010-03-09,15,0.127,0.149
2010-03-09,16,0.252,0.323
2010-03-09,17,0.202,0.253
2010-03-09,18,0.215,0.323
2010-03-09,19,0.246,0.397
2010-03-09,20,0.82,0.886
2010-03-09,21,3.011,3.665
2010-03-09,22,1.015,2.2
2010-03-09,23,0.875,1.208
2010-03-09,24,0.921,1.299
2010-03-10,1,0.333,0.675
2010-03-10,2,0.156,0.167
2010-03-10,3,0.142,0.226
2010-03-10,4,0.154,0.289
2010-03-10,5,0.161,0.304
2010-03-10,6,0.138,0.154
2010-03-10,7,0.163,0.271
2010-03-10,8,1.866,1.906
2010-03-10,9,0.235,0.74
2010-03-10,10,0.172,0.504
2010-03-10,11,0.215,0.374
2010-03-10,12,0.142,0.2
2010-03-10,13,0.155,0.243
2010-03-10,14,0.183,0.217
2010-03-10,15,0.259,0.273
2010-03-10,16,0.144,0.198
2010-03-10,17,0.179,0.285
2010-03-10,18,0.344,0.366
2010-03-10,19,0.644,0.961
2010-03-10,20,1.005,1.778
2010-03-10,21,2.228,2.693
2010-03-10,22,1.341,1.508
2010-03-10,23,1.338,1.605
2010-03-10,24,0.699,1.214
2010-03-11,1,0.282,0.289
2010-03-11,2,0.129,0.164
2010-03-11,3,0.184,0.351
2010-03-11,4,0.141,0.224
2010-03-11,5,0.156,0.192
2010-03-11,6,0.224,0.234
2010-03-11,7,0.176,0.278
2010-03-11,8,0.876,1.984
2010-03-11,9,0.215,0.279
2010-03-11,10,0.941,1.552
2010-03-11,11,0.216,0.248
2010-03-11,12,0.781,2.077
2010-03-11,13,0.286,2.113
2010-03-11,14,0.187,0.288
2010-03-11,15,0.148,0.418
2010-03-11,16,0.249,0.298
2010-03-11,17,0.258,0.292
2010-03-11,18,0.271,0.311
2010-03-11,19,0.23,1.03
2010-03-11,20,0.833,0.923
2010-03-11,21,2.285,2.3
2010-03-11,22,1.628,1.647
2010-03-11,23,1.517,1.904
2010-03-11,24,0.177,0.848
2010-03-12,1,0.277,0.312
2010-03-12,2,0.139,0.206
2010-03-12,3,0.118,0.163
2010-03-12,4,0.237,0.358
2010-03-12,5,0.158,0.158
2010-03-12,6,0.19,0.207
2010-03-12,7,0.192,0.286
2010-03-12,8,0.896,2.038
2010-03-12,9,0.227,0.584
2010-03-12,10,0.813,1.864
2010-03-12,11,0.447,2.702
2010-03-12,12,0.561,1.554
2010-03-12,13,1.017,1.372
2010-03-12,14,0.314,0.355
2010-03-12,15,0.241,0.316
2010-03-12,16,0.251,0.291
2010-03-12,17,0.355,0.397
2010-03-12,18,0.23,0.42
2010-03-12,19,0.443,0.656
2010-03-12,20,0.809,0.889
2010-03-12,21,0.825,1.439
2010-03-12,22,0.487,0.548
2010-03-12,23,0.313,0.377
2010-03-12,24,0.397,0.479
2010-03-13,1,0.324,0.384
2010-03-13,2,0.161,0.242
2010-03-13,3,0.14,0.145
2010-03-13,4,0.255,0.296
2010-03-13,5,0.124,0.163
2010-03-13,6,0.179,0.191
2010-03-13,7,0.119,0.253
2010-03-13,8,0.424,1.914
2010-03-13,9,0.205,0.226
2010-03-13,10,0.159,0.254
2010-03-13,11,0.534,0.6
2010-03-13,12,0.193,0.604
2010-03-13,13,0.223,0.244
2010-03-13,14,0.212,0.299
2010-03-13,15,0.268,0.328
2010-03-13,16,0.326,0.464
2010-03-13,17,0.33,0.441
2010-03-13,18,0.311,0.352
2010-03-13,19,0.273,1.398
2010-03-13,20,0.928,1.748
2010-03-13,21,0.437,0.519
2010-03-13,22,0.486,0.526
2010-03-13,23,0.453,0.692
2010-03-13,24,0.419,0.721
2010-03-14,1,0.508,0.855
2010-03-14,2,0.131,0.183
2010-03-14,3,0.138,0.196
2010-03-14,4,0.205,0.335
2010-03-14,5,0.143,0.147
2010-03-14,6,0.15,0.221
2010-03-14,7,0.221,0.268
2010-03-14,8,0.422,0.696
2010-03-14,9,0.205,0.212
2010-03-14,10,0.237,0.334
2010-03-14,11,0.148,0.225
2010-03-14,12,0.363,0.519
2010-03-14,13,0.213,0.269
2010-03-14,14,0.147,0.713
2010-03-14,15,0.144,0.232
2010-03-14,16,0.14,0.355
2010-03-14,17,0.219,0.278
2010-03-14,18,0.232,0.287
2010-03-14,19,0.434,0.575
2010-03-14,20,0.986,1.057
2010-03-14,21,0.52,0.612
2010-03-14,22,0.705,0.915
2010-03-14,23,0.616,0.875
2010-03-14,24,0.296,0.319
2010-03-15,1,0.227,0.277
2010-03-15,2,0.19,0.238
2010-03-15,3,0.12,0.215
2010-03-15,4,0.142,0.2
2010-03-15,5,0.197,0.328
2010-03-15,6,0.125,0.144
2010-03-15,7,0.153,0.258
2010-03-15,8,2.032,2.229
2010-03-15,9,0.224,0.269
2010-03-15,10,0.164,0.202
2010-03-15,11,0.141,0.341
2010-03-15,12,0.141,0.311
2010-03-15,13,0.161,0.216
2010-03-15,14,0.18,0.2
2010-03-15,15,0.254,0.301
2010-03-15,16,0.166,0.238
2010-03-15,17,0.176,0.277
2010-03-15,18,0.365,0.367
2010-03-15,19,0.656,3.152
2010-03-15,20,1.264,2.943
2010-03-15,21,1.129,1.857
2010-03-15,22,1.324,1.415
2010-03-15,23,0.418,0.778
2010-03-15,24,0.179,0.189
2010-03-16,1,0.178,0.22
2010-03-16,2,0.266,0.293
2010-03-16,3,0.123,0.148
2010-03-16,4,0.159,0.247
2010-03-16,5,0.121,0.265
2010-03-16,6,0.205,0.31
2010-03-16,7,0.145,0.163
2010-03-16,8,1.106,1.942
2010-03-16,9,0.279,0.427
2010-03-16,10,0.424,0.821
2010-03-16,11,0.167,0.202
2010-03-16,12,0.175,0.302
2010-03-16,13,0.173,0.304
2010-03-16,14,0.155,0.158
2010-03-16,15,0.192,0.255
2010-03-16,16,0.267,0.286
2010-03-16,17,0.215,0.342
2010-03-16,18,0.247,0.252
2010-03-16,19,0.241,0.797
2010-03-16,20,0.9,2.598
2010-03-16,21,2.185,3.132
2010-03-16,22,1.339,2.837
2010-03-16,23,1.377,1.531
2010-03-16,24,0.285,0.494
2010-03-17,1,0.257,0.375
2010-03-17,2,0.125,0.207
2010-03-17,3,0.128,0.29
2010-03-17,4,0.229,0.301
2010-03-17,5,0.126,0.238
2010-03-17,6,0.139,0.162
2010-03-17,7,0.212,1.727
2010-03-17,8,0.239,0.282
2010-03-17,9,0.454,0.843
2010-03-17,10,0.369,0.992
2010-03-17,11,1.224,1.238
2010-03-17,12,0.14,0.622
2010-03-17,13,0.179,0.198
2010-03-17,14,0.146,0.284
2010-03-17,15,0.247,0.327
2010-03-17,16,0.398,0.751
2010-03-17,17,0.397,0.503
2010-03-17,18,0.572,0.578
2010-03-17,19,0.492,0.578
2010-03-17,20,0.52,1.37
2010-03-17,21,2.061,2.308
2010-03-17,22,1.428,1.852
2010-03-17,23,0.443,1.128
2010-03-17,24,0.268,0.338
2010-03-18,1,0.384,0.426
2010-03-18,2,0.208,0.235
2010-03-18,3,0.272,0.37
2010-03-18,4,0.313,0.364
2010-03-18,5,0.275,0.303
2010-03-18,6,0.232,0.247
2010-03-18,7,0.409,0.438
2010-03-18,8,0.223,0.234
2010-03-18,9,0.309,0.552
2010-03-18,10,0.281,0.352
2010-03-18,11,0.16,0.276
2010-03-18,12,0.131,0.132
2010-03-18,13,0.295,0.299
2010-03-18,14,0.134,0.192
2010-03-18,15,0.189,0.221
2010-03-18,16,0.122,0.261
2010-03-18,17,0.204,0.335
2010-03-18,18,0.14,0.143
2010-03-18,19,0.19,0.215
2010-03-18,20,0.308,0.597
2010-03-18,21,0.81,2.64
2010-03-18,22,0.885,0.904
2010-03-18,23,1.106,1.335
2010-03-18,24,1.053,1.706
2010-03-19,1,0.398,1.448
2010-03-19,2,0.197,0.276
2010-03-19,3,0.196,0.279
2010-03-19,4,0.144,0.145
2010-03-19,5,0.18,0.334
2010-03-19,6,0.157,0.269
2010-03-19,7,0.165,1.953
2010-03-19,8,0.176,0.899
2010-03-19,9,0.252,0.365
2010-03-19,10,0.237,0.55
2010-03-19,11,0.209,1.117
2010-03-19,12,0.494,0.666
2010-03-19,13,0.165,0.449
2010-03-19,14,0.142,0.742
2010-03-19,15,0.179,0.327
2010-03-19,16,0.258,0.328
2010-03-19,17,0.126,0.172
2010-03-19,18,0.177,0.199
2010-03-19,19,0.172,0.256
2010-03-19,20,0.405,0.427
2010-03-19,21,0.218,1.618
2010-03-19,22,2.547,2.915
2010-03-19,23,0.533,1.21
2010-03-19,24,0.576,1.355
2010-03-20,1,0.249,0.339
2010-03-20,2,0.2,0.342
2010-03-20,3,0.128,0.133
2010-03-20,4,0.16,0.252
2010-03-20,5,0.221,0.298
2010-03-20,6,0.14,0.221
2010-03-20,7,0.147,1.743
2010-03-20,8,0.307,1.764
2010-03-20,9,0.262,0.414
2010-03-20,10,0.267,0.64
2010-03-20,11,0.139,0.422
2010-03-20,12,0.226,0.3
2010-03-20,13,0.143,0.235
2010-03-20,14,0.122,0.412
2010-03-20,15,0.247,0.318
2010-03-20,16,0.185,0.243
2010-03-20,17,0.131,0.239
2010-03-20,18,0.118,0.137
2010-03-20,19,0.321,0.399
2010-03-20,20,0.505,0.789
2010-03-20,21,0.855,1.116
2010-03-20,22,0.96,2.535
2010-03-20,23,1.072,4.034
2010-03-20,24,0.788,1.055
2010-03-21,1,1.058,1.246
2010-03-21,2,0.876,1.358
2010-03-21,3,0.148,1.039
2010-03-21,4,0.142,0.19
2010-03-21,5,0.192,0.26
2010-03-21,6,0.167,0.259
2010-03-21,7,0.217,1.867
2010-03-21,8,0.152,0.399
2010-03-21,9,0.318,0.358
2010-03-21,10,0.254,0.296
2010-03-21,11,0.242,0.598
2010-03-21,12,0.511,0.55
2010-03-21,13,0.208,0.444
2010-03-21,14,0.141,0.146
2010-03-21,15,0.241,0.483
2010-03-21,16,0.276,0.705
2010-03-21,17,0.157,0.248
2010-03-21,18,0.155,0.483
2010-03-21,19,3.938,6.4
2010-03-21,20,1.747,3.792
2010-03-21,21,1.733,1.773
2010-03-21,22,1.061,1.373
2010-03-21,23,0.804,1.722
2010-03-21,24,0.227,0.284
2010-03-22,1,0.178,0.234
2010-03-22,2,0.194,0.275
2010-03-22,3,0.15,0.296
2010-03-22,4,0.119,0.142
2010-03-22,5,0.223,0.267
2010-03-22,6,0.17,0.243
2010-03-22,7,0.181,1.764
2010-03-22,8,0.236,2.642
2010-03-22,9,0.338,0.809
2010-03-22,10,0.138,0.35
2010-03-22,11,0.121,0.24
2010-03-22,12,0.159,0.182
2010-03-22,13,0.269,0.298
2010-03-22,14,0.12,0.158
2010-03-22,15,0.144,0.245
2010-03-22,16,0.213,0.255
2010-03-22,17,0.198,0.238
2010-03-22,18,0.134,0.143
2010-03-22,19,0.252,0.473
2010-03-22,20,1.867,2.547
2010-03-22,21,1.372,1.487
2010-03-22,22,1.234,1.304
2010-03-22,23,1.563,1.826
2010-03-22,24,1.151,1.153
2010-03-23,1,0.422,1.169
2010-03-23,2,0.176,0.255
2010-03-23,3,0.126,0.175
2010-03-23,4,0.212,0.237
2010-03-23,5,0.154,0.25
2010-03-23,6,0.127,0.232
2010-03-23,7,0.137,1.603
2010-03-23,8,0.375,2.771
2010-03-23,9,0.166,0.217
2010-03-23,10,0.195,0.21
2010-03-23,11,0.218,0.289
2010-03-23,12,0.221,0.239
2010-03-23,13,0.142,0.154
2010-03-23,14,0.149,0.274
2010-03-23,15,0.222,0.269
2010-03-23,16,0.232,0.338
2010-03-23,17,0.219,0.258
2010-03-23,18,0.448,0.464
2010-03-23,19,0.343,0.468
2010-03-23,20,0.401,0.638
2010-03-23,21,0.512,1.437
2010-03-23,22,0.895,1.099
2010-03-23,23,1.27,1.394
2010-03-23,24,0.367,0.608
2010-03-24,1,0.266,0.274
2010-03-24,2,0.135,0.152
2010-03-24,3,0.144,0.356
2010-03-24,4,0.141,0.246
2010-03-24,5,0.146,0.22
2010-03-24,6,0.153,0.181
2010-03-24,7,0.247,1.844
2010-03-24,8,0.207,0.226
2010-03-24,9,0.283,0.674
2010-03-24,10,0.369,1.532
2010-03-24,11,1.414,1.684
2010-03-24,12,0.139,0.192
2010-03-24,13,0.211,0.357
2010-03-24,14,0.13,0.22
2010-03-24,15,0.135,0.212
2010-03-24,16,0.207,0.274
2010-03-24,17,0.19,0.213
2010-03-24,18,0.189,0.202
2010-03-24,19,0.246,0.798
2010-03-24,20,1.045,1.134
2010-03-24,21,1.845,2.721
2010-03-24,22,0.933,3.053
2010-03-24,23,0.967,1.331
2010-03-24,24,0.384,0.766
2010-03-25,1,0.198,0.406
2010-03-25,2,0.15,0.163
2010-03-25,3,0.224,0.229
2010-03-25,4,0.191,0.287
2010-03-25,5,0.183,0.236
2010-03-25,6,0.157,0.159
2010-03-25,7,0.336,1.862
2010-03-25,8,0.248,1.113
2010-03-25,9,0.239,1.415
2010-03-25,10,0.273,0.753
2010-03-25,11,0.438,1.023
2010-03-25,12,0.197,0.858
2010-03-25,13,0.234,0.408
2010-03-25,14,0.169,0.188
2010-03-25,15,0.285,0.384
2010-03-25,16,0.144,0.217
2010-03-25,17,0.137,0.233
2010-03-25,18,0.396,0.459
2010-03-25,19,0.192,0.264
2010-03-25,20,0.245,0.294
2010-03-25,21,0.214,0.3
2010-03-25,22,0.208,0.343
2010-03-25,23,0.275,1.222
2010-03-25,24,0.435,0.711
2010-03-26,1,0.174,0.209
2010-03-26,2,0.147,0.179
2010-03-26,3,0.217,0.372
2010-03-26,4,0.154,0.158
2010-03-26,5,0.21,0.229
2010-03-26,6,0.165,0.289
2010-03-26,7,0.234,1.735
2010-03-26,8,0.361,2.795
2010-03-26,9,0.265,0.383
2010-03-26,10,0.361,0.5
2010-03-26,11,0.142,0.377
2010-03-26,12,0.379,0.521
2010-03-26,13,0.82,1.037
2010-03-26,14,0.217,0.308
2010-03-26,15,0.17,0.193
2010-03-26,16,0.232,0.412
2010-03-26,17,0.432,0.695
2010-03-26,18,0.207,0.211
2010-03-26,19,0.169,0.225
2010-03-26,20,0.157,2.956
2010-03-26,21,1.243,2.294
2010-03-26,22,1.12,1.139
2010-03-26,23,1.435,1.527
2010-03-26,24,1.35,1.388
2010-03-27,1,0.246,0.909
2010-03-27,2,0.144,0.149
2010-03-27,3,0.301,0.307
2010-03-27,4,0.142,0.16
2010-03-27,5,0.139,0.219
2010-03-27,6,0.16,0.174
2010-03-27,7,0.27,1.89
2010-03-27,8,1.52,2.997
2010-03-27,9,0.229,0.448
2010-03-27,10,0.52,0.793
2010-03-27,11,0.474,0.946
2010-03-27,12,0.742,2.332
2010-03-27,13,0.319,1.61
2010-03-27,14,0.326,0.547
2010-03-27,15,0.203,0.656
2010-03-27,16,0.193,0.431
2010-03-27,17,0.157,0.35
2010-03-27,18,0.17,0.246
2010-03-27,19,0.25,1.94
2010-03-27,20,2.528,5.683
2010-03-27,21,1.285,1.315
2010-03-27,22,1.223,2.116
2010-03-27,23,0.895,1.743
2010-03-27,24,0.235,0.346
2010-03-28,1,0.0,0.814
2010-03-28,2,0.0,0.162
2010-03-28,3,0.207,0.58
2010-03-28,4,0.274,0.963
2010-03-28,5,0.194,0.736
2010-03-28,6,0.16,0.215
2010-03-28,7,0.257,0.283
2010-03-28,8,0.148,0.768
2010-03-28,9,0.147,0.192
2010-03-28,10,0.327,1.2
2010-03-28,11,0.162,0.414
2010-03-28,12,0.925,1.037
2010-03-28,13,0.615,1.141
2010-03-28,14,1.674,1.678
2010-03-28,15,2.727,4.23
2010-03-28,16,0.391,0.5
2010-03-28,17,1.784,2.822
2010-03-28,18,0.266,1.576
2010-03-28,19,0.508,0.52
2010-03-28,20,0.247,0.288
2010-03-28,21,0.263,0.603
2010-03-28,22,1.088,1.568
2010-03-28,23,1.135,1.723
2010-03-28,24,0.303,0.319
2010-03-29,1,0.253,0.326
2010-03-29,2,0.129,0.137
2010-03-29,3,0.134,0.233
2010-03-29,4,0.251,0.257
2010-03-29,5,0.132,0.216
2010-03-29,6,0.133,0.168
2010-03-29,7,0.137,1.363
2010-03-29,8,2.15,3.194
2010-03-29,9,0.225,0.361
2010-03-29,10,0.157,0.903
2010-03-29,11,0.146,0.311
2010-03-29,12,0.133,0.292
2010-03-29,13,0.123,0.167
2010-03-29,14,0.13,0.199
2010-03-29,15,0.158,0.291
2010-03-29,16,0.115,0.298
2010-03-29,17,0.13,0.146
2010-03-29,18,1.414,2.852
2010-03-29,19,0.219,0.659
2010-03-29,20,1.01,2.443
2010-03-29,21,1.155,1.194
2010-03-29,22,0.675,1.117
2010-03-29,23,0.488,0.488
2010-03-29,24,0.54,1.183
2010-03-30,1,0.323,0.364
2010-03-30,2,0.119,0.329
2010-03-30,3,0.14,0.141
2010-03-30,4,0.194,0.206
2010-03-30,5,0.218,0.266
2010-03-30,6,0.134,0.23
2010-03-30,7,0.116,0.14
2010-03-30,8,0.306,0.377
2010-03-30,9,0.234,0.389
2010-03-30,10,0.165,0.393
2010-03-30,11,0.234,0.527
2010-03-30,12,0.383,0.422
2010-03-30,13,0.214,0.428
2010-03-30,14,0.166,0.196
2010-03-30,15,0.203,0.25
2010-03-30,16,0.274,0.291
2010-03-30,17,0.217,0.318
2010-03-30,18,0.232,0.253
2010-03-30,19,1.127,1.536
2010-03-30,20,0.257,0.298
2010-03-30,21,0.443,0.471
2010-03-30,22,0.462,0.598
2010-03-30,23,0.766,0.816
2010-03-30,24,0.681,0.8
2010-03-31,1,0.495,1.127
2010-03-31,2,0.155,0.245
2010-03-31,3,0.186,0.215
2010-03-31,4,0.151,0.188
2010-03-31,5,0.261,0.312
2010-03-31,6,0.144,0.178
2010-03-31,7,0.136,1.093
2010-03-31,8,0.323,1.383
2010-03-31,9,0.36,0.567
2010-03-31,10,0.283,0.547
2010-03-31,11,0.148,0.195
2010-03-31,12,0.255,0.332
2010-03-31,13,0.132,0.153
2010-03-31,14,0.199,0.467
2010-03-31,15,0.865,1.301
2010-03-31,16,0.493,1.326
2010-03-31,17,0.139,0.191
2010-03-31,18,1.227,1.468
2010-03-31,19,0.432,0.442
2010-03-31,20,0.295,0.365
2010-03-31,21,0.985,4.127
2010-03-31,22,1.229,1.817
2010-03-31,23,0.775,1.419
2010-03-31,24,0.996,1.186
2010-04-01,1,0.173,0.204
2010-04-01,2,0.136,0.238
2010-04-01,3,0.21,0.311
2010-04-01,4,0.146,0.174
2010-04-01,5,0.136,0.252
2010-04-01,6,0.198,0.281
2010-04-01,7,0.252,1.379
2010-04-01,8,0.233,1.37
2010-04-01,9,0.252,0.389
2010-04-01,10,0.483,1.591
2010-04-01,11,0.331,0.344
2010-04-01,12,0.139,0.277
2010-04-01,13,0.141,0.298
2010-04-01,14,0.144,0.326
2010-04-01,15,0.123,0.16
2010-04-01,16,0.129,0.242
2010-04-01,17,0.232,0.304
2010-04-01,18,1.438,2.389
2010-04-01,19,0.288,0.334
2010-04-01,20,0.351,1.764
2010-04-01,21,1.484,2.278
2010-04-01,22,2.217,2.713
2010-04-01,23,1.507,1.734
2010-04-01,24,1.275,1.28
2010-04-02,1,0.403,1.081
2010-04-02,2,0.32,0.502
2010-04-02,3,0.141,0.158
2010-04-02,4,0.223,0.224
2010-04-02,5,0.141,0.347
2010-04-02,6,0.255,0.279
2010-04-02,7,0.139,0.86
2010-04-02,8,0.416,0.863
2010-04-02,9,0.362,0.403
2010-04-02,10,0.369,0.624
2010-04-02,11,0.88,1.138
2010-04-02,12,0.301,1.005
2010-04-02,13,0.181,0.378
2010-04-02,14,0.555,1.128
2010-04-02,15,0.425,0.501
2010-04-02,16,0.289,0.319
2010-04-02,17,0.179,0.202
2010-04-02,18,1.301,3.044
2010-04-02,19,0.313,1.933
2010-04-02,20,0.209,0.216
2010-04-02,21,0.184,0.185
2010-04-02,22,0.246,0.306
2010-04-02,23,0.43,1.331
2010-04-02,24,0.255,0.352
2010-04-03,1,0.238,0.253
2010-04-03,2,0.242,0.297
2010-04-03,3,0.169,0.252
2010-04-03,4,0.163,0.226
2010-04-03,5,0.156,0.196
2010-04-03,6,0.235,0.295
2010-04-03,7,0.309,1.403
2010-04-03,8,0.83,3.17
2010-04-03,9,0.472,0.584
2010-04-03,10,0.531,0.602
2010-04-03,11,0.257,0.665
2010-04-03,12,0.146,0.162
2010-04-03,13,0.205,0.318
2010-04-03,14,0.206,0.291
2010-04-03,15,0.206,0.207
2010-04-03,16,0.177,1.785
2010-04-03,17,0.62,3.026
2010-04-03,18,2.148,2.328
2010-04-03,19,2.03,3.328
2010-04-03,20,2.781,4.076
2010-04-03,21,2.046,2.707
2010-04-03,22,0.95,1.359
2010-04-03,23,1.282,1.639
2010-04-03,24,1.468,1.89
2010-04-04,1,1.144,1.878
2010-04-04,2,0.283,0.657
2010-04-04,3,0.191,0.297
2010-04-04,4,0.139,0.214
2010-04-04,5,0.19,0.294
2010-04-04,6,0.233,0.253
2010-04-04,7,0.155,1.251
2010-04-04,8,0.157,2.09
2010-04-04,9,0.316,0.381
2010-04-04,10,0.207,0.511
2010-04-04,11,0.164,0.612
2010-04-04,12,0.837,1.265
2010-04-04,13,0.222,0.28
2010-04-04,14,0.144,0.196
2010-04-04,15,0.208,0.678
2010-04-04,16,0.383,0.412
2010-04-04,17,0.298,0.375
2010-04-04,18,1.27,1.363
2010-04-04,19,0.943,1.056
2010-04-04,20,1.6,2.13
2010-04-04,21,0.929,2.227
2010-04-04,22,0.874,1.337
2010-04-04,23,1.353,1.906
2010-04-04,24,0.302,0.86
2010-04-05,1,0.31,0.388
2010-04-05,2,0.15,0.229
2010-04-05,3,0.145,0.203
2010-04-05,4,0.205,0.32
2010-04-05,5,0.125,0.2
2010-04-05,6,0.14,0.192
2010-04-05,7,0.311,1.261
2010-04-05,8,0.155,0.783
2010-04-05,9,0.178,0.378
2010-04-05,10,0.405,0.846
2010-04-05,11,0.148,0.213
2010-04-05,12,0.132,0.33
2010-04-05,13,0.163,0.35
2010-04-05,14,0.2,0.211
2010-04-05,15,0.12,0.197
2010-04-05,16,0.138,0.26
2010-04-05,17,0.217,0.26
2010-04-05,18,1.366,1.369
2010-04-05,19,0.259,0.347
2010-04-05,20,1.189,2.67
2010-04-05,21,1.275,1.387
2010-04-05,22,0.888,0.975
2010-04-05,23,1.926,2.13
2010-04-05,24,0.406,1.529
2010-04-06,1,0.319,0.326
2010-04-06,2,0.145,0.187
2010-04-06,3,0.14,0.176
2010-04-06,4,0.214,0.267
2010-04-06,5,0.137,0.274
2010-04-06,6,0.127,0.187
2010-04-06,7,0.165,0.983
2010-04-06,8,0.498,0.956
2010-04-06,9,0.243,0.246
2010-04-06,10,0.134,1.846
2010-04-06,11,0.35,0.499
2010-04-06,12,1.729,2.354
2010-04-06,13,0.195,2.252
2010-04-06,14,0.286,0.292
2010-04-06,15,0.166,0.26
2010-04-06,16,0.167,0.205
2010-04-06,17,0.319,0.334
2010-04-06,18,1.222,1.418
2010-04-06,19,0.263,0.279
2010-04-06,20,0.526,2.128
2010-04-06,21,0.841,1.934
2010-04-06,22,0.989,1.198
2010-04-06,23,1.065,1.412
2010-04-06,24,0.518,1.188
2010-04-07,1,0.221,0.378
2010-04-07,2,0.177,0.189
2010-04-07,3,0.168,0.291
2010-04-07,4,0.229,0.26
2010-04-07,5,0.157,0.214
2010-04-07,6,0.136,0.196
2010-04-07,7,0.292,1.246
2010-04-07,8,0.204,1.647
2010-04-07,9,0.304,0.333
2010-04-07,10,0.406,0.659
2010-04-07,11,0.145,0.29
2010-04-07,12,0.178,0.197
2010-04-07,13,0.284,0.561
2010-04-07,14,0.211,0.293
2010-04-07,15,0.146,0.207
2010-04-07,16,0.16,0.215
2010-04-07,17,0.27,0.383
2010-04-07,18,1.361,1.496
2010-04-07,19,0.235,0.248
2010-04-07,20,0.519,0.631
2010-04-07,21,0.306,0.327
2010-04-07,22,0.301,0.311
2010-04-07,23,0.219,0.518
2010-04-07,24,0.556,1.934
2010-04-08,1,0.18,0.226
2010-04-08,2,0.141,0.195
2010-04-08,3,0.214,0.295
2010-04-08,4,0.14,0.179
2010-04-08,5,0.121,0.191
2010-04-08,6,0.177,0.192
2010-04-08,7,0.318,1.218
2010-04-08,8,0.211,1.607
2010-04-08,9,0.432,0.765
2010-04-08,10,0.441,1.096
2010-04-08,11,0.186,0.198
2010-04-08,12,0.143,0.192
2010-04-08,13,0.292,0.393
2010-04-08,14,0.326,0.929
2010-04-08,15,0.144,0.162
2010-04-08,16,0.138,0.247
2010-04-08,17,0.267,0.367
2010-04-08,18,1.252,1.449
2010-04-08,19,0.251,0.351
2010-04-08,20,0.199,0.295
2010-04-08,21,0.213,0.296
2010-04-08,22,0.428,0.573
2010-04-08,23,0.686,1.018
2010-04-08,24,0.919,0.952
2010-04-09,1,0.976,1.093
2010-04-09,2,0.498,0.633
2010-04-09,3,0.172,0.307
2010-04-09,4,0.168,0.211
2010-04-09,5,0.147,0.255
2010-04-09,6,0.146,0.327
2010-04-09,7,0.141,0.223
2010-04-09,8,0.218,0.448
2010-04-09,9,0.624,0.677
2010-04-09,10,0.77,0.813
2010-04-09,11,0.747,2.142
2010-04-09,12,0.911,1.053
2010-04-09,13,0.168,0.528
2010-04-09,14,0.149,1.011
2010-04-09,15,1.003,1.189
2010-04-09,16,1.886,2.528
2010-04-09,17,1.655,3.194
2010-04-09,18,0.287,1.889
2010-04-09,19,0.142,0.248
2010-04-09,20,0.142,0.239
2010-04-09,21,0.256,0.349
2010-04-09,22,0.647,0.977
2010-04-09,23,1.046,2.915
2010-04-09,24,0.808,0.897
2010-04-10,1,0.635,1.286
2010-04-10,2,0.272,0.364
2010-04-10,3,0.264,0.383
2010-04-10,4,0.16,0.164
2010-04-10,5,0.163,0.24
2010-04-10,6,0.194,0.351
2010-04-10,7,0.227,1.13
2010-04-10,8,0.216,1.828
2010-04-10,9,0.155,0.652
2010-04-10,10,0.271,0.557
2010-04-10,11,0.552,0.734
2010-04-10,12,0.493,0.844
2010-04-10,13,1.64,2.422
2010-04-10,14,0.292,0.304
2010-04-10,15,0.164,0.3
2010-04-10,16,0.159,0.24
2010-04-10,17,0.268,0.287
2010-04-10,18,1.291,2.908
2010-04-10,19,0.223,0.43
2010-04-10,20,0.243,0.279
2010-04-10,21,0.266,0.304
2010-04-10,22,0.278,1.193
2010-04-10,23,1.058,1.921
2010-04-10,24,0.956,1.004
2010-04-11,1,1.02,1.548
2010-04-11,2,0.182,0.518
2010-04-11,3,0.144,0.206
2010-04-11,4,0.15,0.232
2010-04-11,5,0.169,0.296
2010-04-11,6,0.149,0.165
2010-04-11,7,0.207,1.285
2010-04-11,8,0.233,2.66
2010-04-11,9,0.164,0.487
2010-04-11,10,0.254,0.284
2010-04-11,11,0.341,1.172
2010-04-11,12,0.518,0.858
2010-04-11,13,0.222,0.345
2010-04-11,14,0.236,0.319
2010-04-11,15,0.129,0.236
2010-04-11,16,0.157,0.224
2010-04-11,17,0.197,0.436
2010-04-11,18,2.006,4.144
2010-04-11,19,1.949,3.059
2010-04-11,20,0.525,1.305
2010-04-11,21,1.203,1.694
2010-04-11,22,0.628,1.968
2010-04-11,23,0.734,0.981
2010-04-11,24,0.607,0.864
2010-04-12,1,0.443,1.306
2010-04-12,2,0.232,0.25
2010-04-12,3,0.131,0.174
2010-04-12,4,0.296,0.306
2010-04-12,5,0.165,0.17
2010-04-12,6,0.146,0.261
2010-04-12,7,0.118,1.316
2010-04-12,8,0.199,2.984
2010-04-12,9,0.233,0.745
2010-04-12,10,0.262,0.356
2010-04-12,11,0.164,0.293
2010-04-12,12,0.137,0.16
2010-04-12,13,0.201,0.216
2010-04-12,14,0.254,0.272
2010-04-12,15,0.145,0.15
2010-04-12,16,0.18,0.211
2010-04-12,17,0.279,0.284
2010-04-12,18,1.192,1.716
2010-04-12,19,0.167,0.368
2010-04-12,20,0.241,0.296
2010-04-12,21,0.385,1.376
2010-04-12,22,1.439,1.491
2010-04-12,23,1.154,1.262
2010-04-12,24,0.412,1.206
2010-04-13,1,0.266,0.317
2010-04-13,2,0.159,0.219
2010-04-13,3,0.129,0.176
2010-04-13,4,0.253,0.324
2010-04-13,5,0.133,0.226
2010-04-13,6,0.118,0.161
2010-04-13,7,0.195,1.244
2010-04-13,8,0.301,1.147
2010-04-13,9,0.199,0.301
2010-04-13,10,0.361,1.051
2010-04-13,11,0.241,0.473
2010-04-13,12,0.216,0.549
2010-04-13,13,0.249,0.264
2010-04-13,14,0.219,0.265
2010-04-13,15,0.12,0.143
2010-04-13,16,0.238,0.244
2010-04-13,17,0.239,0.244
2010-04-13,18,1.165,1.25
2010-04-13,19,0.158,0.215
2010-04-13,20,0.335,0.593
2010-04-13,21,0.504,1.357
2010-04-13,22,1.282,1.683
2010-04-13,23,0.988,1.202
2010-04-13,24,0.963,1.497
2010-04-14,1,0.249,0.335
2010-04-14,2,0.157,0.372
2010-04-14,3,0.158,0.214
2010-04-14,4,0.212,0.226
2010-04-14,5,0.292,0.304
2010-04-14,6,0.148,0.159
2010-04-14,7,0.207,1.386
2010-04-14,8,0.384,2.314
2010-04-14,9,0.357,0.379
2010-04-14,10,0.21,0.281
2010-04-14,11,0.205,0.259
2010-04-14,12,0.255,0.287
2010-04-14,13,0.133,0.157
2010-04-14,14,0.183,0.226
2010-04-14,15,0.287,0.295
2010-04-14,16,0.147,0.23
2010-04-14,17,0.163,0.251
2010-04-14,18,1.35,1.351
2010-04-14,19,0.204,0.284
2010-04-14,20,0.265,0.348
2010-04-14,21,0.417,0.882
2010-04-14,22,0.601,0.923
2010-04-14,23,0.519,0.747
2010-04-14,24,1.225,2.247
2010-04-15,1,0.382,0.486
2010-04-15,2,0.186,0.31
2010-04-15,3,0.155,0.27
2010-04-15,4,0.162,0.31
2010-04-15,5,0.138,0.233
2010-04-15,6,0.118,0.134
2010-04-15,7,0.269,1.322
2010-04-15,8,0.201,0.955
2010-04-15,9,0.407,0.718
2010-04-15,10,0.273,0.287
2010-04-15,11,0.145,0.253
2010-04-15,12,0.121,0.229
2010-04-15,13,0.16,0.231
2010-04-15,14,0.203,0.304
2010-04-15,15,0.124,0.14
2010-04-15,16,0.18,0.241
2010-04-15,17,0.264,0.27
2010-04-15,18,1.361,2.508
2010-04-15,19,0.369,1.237
2010-04-15,20,0.174,0.273
2010-04-15,21,0.817,2.031
2010-04-15,22,1.66,3.552
2010-04-15,23,1.23,1.32
2010-04-15,24,1.184,1.788
2010-04-16,1,1.521,1.569
2010-04-16,2,0.164,0.366
2010-04-16,3,0.14,0.361
2010-04-16,4,0.165,0.298
2010-04-16,5,0.208,0.245
2010-04-16,6,0.154,0.238
2010-04-16,7,0.269,1.174
2010-04-16,8,0.254,2.43
2010-04-16,9,0.283,0.286
2010-04-16,10,0.465,0.512
2010-04-16,11,1.915,2.121
2010-04-16,12,0.116,0.427
2010-04-16,13,0.55,0.949
2010-04-16,14,0.206,0.219
2010-04-16,15,0.259,0.351
2010-04-16,16,0.289,0.492
2010-04-16,17,0.168,0.267
2010-04-16,18,0.242,0.247
2010-04-16,19,0.171,0.269
2010-04-16,20,0.219,0.412
2010-04-16,21,0.191,0.266
2010-04-16,22,0.279,1.598
2010-04-16,23,2.092,2.396
2010-04-16,24,0.362,1.03
2010-04-17,1,0.411,0.535
2010-04-17,2,0.417,0.434
2010-04-17,3,0.227,0.315
2010-04-17,4,0.146,0.147
2010-04-17,5,0.196,0.217
2010-04-17,6,0.159,0.267
2010-04-17,7,0.156,0.229
2010-04-17,8,0.114,0.137
2010-04-17,9,0.282,0.297
2010-04-17,10,1.419,2.533
2010-04-17,11,0.137,0.209
2010-04-17,12,0.567,0.932
2010-04-17,13,0.251,0.41
2010-04-17,14,0.157,1.707
2010-04-17,15,0.314,0.384
2010-04-17,16,0.367,0.781
2010-04-17,17,0.285,0.391
2010-04-17,18,1.33,2.845
2010-04-17,19,0.339,2.073
2010-04-17,20,1.872,4.866
2010-04-17,21,2.989,4.859
2010-04-17,22,1.585,2.313
2010-04-17,23,0.66,0.736
2010-04-17,24,0.847,1.946
2010-04-18,1,0.454,0.767
2010-04-18,2,0.431,1.586
2010-04-18,3,0.381,0.778
2010-04-18,4,0.15,0.259
2010-04-18,5,0.134,0.254
2010-04-18,6,0.163,0.349
2010-04-18,7,0.116,0.174
2010-04-18,8,0.166,0.213
2010-04-18,9,0.358,1.874
2010-04-18,10,0.309,0.359
2010-04-18,11,0.175,0.253
2010-04-18,12,0.818,0.907
2010-04-18,13,0.229,0.868
2010-04-18,14,0.127,0.14
2010-04-18,15,0.259,0.314
2010-04-18,16,0.125,0.189
2010-04-18,17,0.15,0.24
2010-04-18,18,0.138,1.155
2010-04-18,19,0.158,0.578
2010-04-18,20,2.295,2.806
2010-04-18,21,1.296,2.634
2010-04-18,22,1.641,2.887
2010-04-18,23,0.511,1.846
2010-04-18,24,0.366,0.384
2010-04-19,1,0.176,0.229
2010-04-19,2,0.152,0.224
2010-04-19,3,0.144,0.252
2010-04-19,4,0.154,0.339
2010-04-19,5,0.143,0.143
2010-04-19,6,0.14,0.22
2010-04-19,7,1.14,3.105
2010-04-19,8,2.068,3.013
2010-04-19,9,0.445,0.651
2010-04-19,10,0.292,0.625
2010-04-19,11,0.213,0.239
2010-04-19,12,0.117,0.141
2010-04-19,13,0.186,0.238
2010-04-19,14,0.193,0.276
2010-04-19,15,0.176,0.197
2010-04-19,16,0.125,0.144
2010-04-19,17,0.266,0.307
2010-04-19,18,1.068,2.897
2010-04-19,19,0.91,0.92
2010-04-19,20,0.251,0.465
2010-04-19,21,0.275,0.276
2010-04-19,22,0.34,1.361
2010-04-19,23,1.361,1.862
2010-04-19,24,1.198,1.299
2010-04-20,1,0.165,0.218
2010-04-20,2,0.205,0.26
2010-04-20,3,0.196,0.253
2010-04-20,4,0.162,0.204
2010-04-20,5,0.137,0.138
2010-04-20,6,0.172,0.311
2010-04-20,7,1.419,2.071
2010-04-20,8,0.341,0.542
2010-04-20,9,0.204,0.693
2010-04-20,10,0.411,0.587
2010-04-20,11,0.187,0.594
2010-04-20,12,0.164,0.334
2010-04-20,13,0.128,0.15
2010-04-20,14,0.265,0.337
2010-04-20,15,0.145,0.199
2010-04-20,16,0.122,0.208
2010-04-20,17,0.227,0.382
2010-04-20,18,1.565,1.797
2010-04-20,19,0.212,0.283
2010-04-20,20,0.837,0.907
2010-04-20,21,0.457,1.314
2010-04-20,22,1.627,2.661
2010-04-20,23,1.562,1.799
2010-04-20,24,1.4,1.509
2010-04-21,1,0.188,0.43
2010-04-21,2,0.183,0.196
2010-04-21,3,0.192,0.273
2010-04-21,4,0.143,0.266
2010-04-21,5,0.135,0.166
2010-04-21,6,0.199,0.224
2010-04-21,7,1.299,1.842
2010-04-21,8,0.206,0.258
2010-04-21,9,0.233,0.358
2010-04-21,10,0.284,0.594
2010-04-21,11,0.165,0.233
2010-04-21,12,0.156,0.198
2010-04-21,13,0.231,0.286
2010-04-21,14,0.232,0.239
2010-04-21,15,0.165,0.17
2010-04-21,16,0.184,0.257
2010-04-21,17,0.229,0.296
2010-04-21,18,1.367,1.811
2010-04-21,19,0.153,0.164
2010-04-21,20,0.314,0.406
2010-04-21,21,2.101,2.322
2010-04-21,22,1.316,1.456
2010-04-21,23,1.062,1.291
2010-04-21,24,0.809,0.972
2010-04-22,1,0.536,0.573
2010-04-22,2,0.327,0.942
2010-04-22,3,0.151,0.156
2010-04-22,4,0.173,0.212
2010-04-22,5,0.184,0.276
2010-04-22,6,0.197,0.232
2010-04-22,7,1.051,2.32
2010-04-22,8,0.266,0.288
2010-04-22,9,0.249,0.345
2010-04-22,10,0.761,1.726
2010-04-22,11,0.235,0.255
2010-04-22,12,0.324,0.373
2010-04-22,13,0.234,0.719
2010-04-22,14,1.932,2.874
2010-04-22,15,0.28,1.152
2010-04-22,16,0.204,0.297
2010-04-22,17,0.575,0.711
2010-04-22,18,1.263,3.161
2010-04-22,19,0.312,2.216
2010-04-22,20,1.257,2.024
2010-04-22,21,0.908,0.924
2010-04-22,22,1.263,1.383
2010-04-22,23,1.655,2.322
2010-04-22,24,0.77,1.058
2010-04-23,1,0.267,0.362
2010-04-23,2,0.138,0.139
2010-04-23,3,0.13,0.227
2010-04-23,4,0.251,0.264
2010-04-23,5,0.145,0.217
2010-04-23,6,0.14,0.144
2010-04-23,7,1.359,1.894
2010-04-23,8,0.355,0.355
2010-04-23,9,0.173,0.27
2010-04-23,10,0.45,0.466
2010-04-23,11,0.278,0.306
2010-04-23,12,0.242,1.02
2010-04-23,13,0.183,0.638
2010-04-23,14,0.295,0.311
2010-04-23,15,0.137,0.141
2010-04-23,16,0.165,0.236
2010-04-23,17,0.258,0.339
2010-04-23,18,1.337,2.604
2010-04-23,19,0.196,0.258
2010-04-23,20,0.223,1.011
2010-04-23,21,1.758,1.792
2010-04-23,22,1.089,1.19
2010-04-23,23,1.236,1.647
2010-04-23,24,0.35,0.648
2010-04-24,1,0.155,0.217
2010-04-24,2,0.275,0.353
2010-04-24,3,0.129,0.14
2010-04-24,4,0.192,0.209
2010-04-24,5,0.172,0.271
2010-04-24,6,0.201,0.262
2010-04-24,7,1.24,2.506
2010-04-24,8,0.222,0.241
2010-04-24,9,0.368,0.435
2010-04-24,10,0.522,0.545
2010-04-24,11,0.272,0.43
2010-04-24,12,0.178,0.277
2010-04-24,13,0.162,0.215
2010-04-24,14,0.124,0.142
2010-04-24,15,0.286,0.294
2010-04-24,16,0.136,0.148
2010-04-24,17,0.161,0.191
2010-04-24,18,1.308,1.419
2010-04-24,19,0.136,0.346
2010-04-24,20,0.118,1.517
2010-04-24,21,0.528,1.018
2010-04-24,22,0.895,0.914
2010-04-24,23,0.503,0.811
2010-04-24,24,0.248,0.293
2010-04-25,1,0.219,0.306
2010-04-25,2,0.144,0.228
2010-04-25,3,0.141,0.149
2010-04-25,4,0.246,0.329
2010-04-25,5,0.138,0.17
2010-04-25,6,0.136,0.184
2010-04-25,7,1.012,1.125
2010-04-25,8,0.172,0.272
2010-04-25,9,0.217,0.311
2010-04-25,10,0.179,0.227
2010-04-25,11,0.262,0.297
2010-04-25,12,0.125,0.139
2010-04-25,13,0.219,0.227
2010-04-25,14,0.214,0.277
2010-04-25,15,0.155,0.434
2010-04-25,16,0.14,0.288
2010-04-25,17,0.28,0.311
2010-04-25,18,1.267,3.336
2010-04-25,19,0.196,0.655
2010-04-25,20,0.2,0.253
2010-04-25,21,0.234,0.55
2010-04-25,22,0.446,0.655
2010-04-25,23,0.25,0.372
2010-04-25,24,0.188,0.204
2010-04-26,1,0.169,0.275
2010-04-26,2,0.125,0.327
2010-04-26,3,0.143,0.319
2010-04-26,4,0.128,0.227
2010-04-26,5,0.115,0.153
2010-04-26,6,0.166,0.331
2010-04-26,7,1.258,2.869
2010-04-26,8,0.188,0.29
2010-04-26,9,0.223,0.228
2010-04-26,10,0.257,0.371
2010-04-26,11,0.201,0.201
2010-04-26,12,0.119,0.188
2010-04-26,13,0.15,0.275
2010-04-26,14,0.195,0.276
2010-04-26,15,0.184,0.208
2010-04-26,16,0.133,0.134
2010-04-26,17,0.269,0.28
2010-04-26,18,1.147,1.439
2010-04-26,19,0.914,1.437
2010-04-26,20,0.261,0.55
2010-04-26,21,0.223,1.672
2010-04-26,22,0.337,1.638
2010-04-26,23,0.287,0.784
2010-04-26,24,0.329,0.922
2010-04-27,1,0.277,0.303
2010-04-27,2,0.14,0.224
2010-04-27,3,0.123,0.208
2010-04-27,4,0.211,0.265
2010-04-27,5,0.18,0.226
2010-04-27,6,0.115,0.137
2010-04-27,7,1.153,2.231
2010-04-27,8,0.167,0.253
2010-04-27,9,0.238,0.324
2010-04-27,10,0.178,0.198
2010-04-27,11,0.231,0.349
2010-04-27,12,0.119,0.227
2010-04-27,13,0.132,0.161
2010-04-27,14,0.18,0.347
2010-04-27,15,0.12,0.221
2010-04-27,16,0.176,0.209
2010-04-27,17,0.16,0.17
2010-04-27,18,1.401,1.573
2010-04-27,19,0.338,0.48
2010-04-27,20,0.379,0.46
2010-04-27,21,0.78,1.206
2010-04-27,22,0.997,1.909
2010-04-27,23,1.054,1.066
2010-04-27,24,0.422,0.453
2010-04-28,1,0.281,0.393
2010-04-28,2,0.249,0.304
2010-04-28,3,0.275,0.331
2010-04-28,4,0.339,0.377
2010-04-28,5,0.247,0.25
2010-04-28,6,0.283,0.295
2010-04-28,7,1.244,1.875
2010-04-28,8,0.277,0.327
2010-04-28,9,0.315,0.315
2010-04-28,10,0.275,0.297
2010-04-28,11,0.22,0.235
2010-04-28,12,0.133,0.162
2010-04-28,13,0.164,0.221
2010-04-28,14,0.214,0.279
2010-04-28,15,0.167,0.221
2010-04-28,16,0.135,0.143
2010-04-28,17,0.22,0.269
2010-04-28,18,1.187,1.226
2010-04-28,19,0.207,0.301
2010-04-28,20,0.283,0.451
2010-04-28,21,0.705,0.715
2010-04-28,22,0.371,0.397
2010-04-28,23,0.418,0.671
2010-04-28,24,0.521,0.666
2010-04-29,1,0.284,0.331
2010-04-29,2,0.195,0.269
2010-04-29,3,0.194,0.219
2010-04-29,4,0.158,0.158
2010-04-29,5,0.211,0.265
2010-04-29,6,0.197,0.276
2010-04-29,7,1.167,1.594
2010-04-29,8,0.158,0.19
2010-04-29,9,0.384,0.414
2010-04-29,10,0.404,0.586
2010-04-29,11,0.508,0.681
2010-04-29,12,0.277,0.329
2010-04-29,13,0.138,0.232
2010-04-29,14,0.146,0.224
2010-04-29,15,0.143,0.212
2010-04-29,16,0.211,0.317
2010-04-29,17,0.142,0.235
2010-04-29,18,1.602,2.388
2010-04-29,19,0.222,0.442
2010-04-29,20,0.48,0.726
2010-04-29,21,0.294,0.645
2010-04-29,22,0.631,1.022
2010-04-29,23,0.497,0.571
2010-04-29,24,0.488,0.563
2010-04-30,1,0.293,0.524
2010-04-30,2,0.156,0.248
2010-04-30,3,0.131,0.217
2010-04-30,4,0.179,0.344
2010-04-30,5,0.146,0.234
2010-04-30,6,0.169,0.227
2010-04-30,7,0.735,1.413
2010-04-30,8,0.151,0.163
2010-04-30,9,0.31,0.689
2010-04-30,10,0.222,1.052
2010-04-30,11,0.208,0.281
2010-04-30,12,0.348,0.591
2010-04-30,13,0.199,0.264
2010-04-30,14,0.347,0.51
2010-04-30,15,0.185,0.428
2010-04-30,16,0.137,0.458
2010-04-30,17,0.16,0.206
2010-04-30,18,1.469,3.03
2010-04-30,19,0.156,2.177
2010-04-30,20,0.168,0.322
2010-04-30,21,0.194,0.406
2010-04-30,22,0.165,0.265
2010-04-30,23,0.17,0.245
2010-04-30,24,0.193,0.391
2010-05-01,1,0.165,0.549
2010-05-01,2,0.277,0.945
2010-05-01,3,0.195,0.276
2010-05-01,4,0.11,0.186
2010-05-01,5,0.131,0.3
2010-05-01,6,0.113,0.252
2010-05-01,7,1.062,2.547
2010-05-01,8,0.114,0.198
2010-05-01,9,0.276,0.409
2010-05-01,10,0.13,0.192
2010-05-01,11,0.152,0.228
2010-05-01,12,0.313,0.326
2010-05-01,13,0.239,0.656
2010-05-01,14,0.371,0.425
2010-05-01,15,0.12,0.242
2010-05-01,16,0.215,0.269
2010-05-01,17,0.211,0.351
2010-05-01,18,1.419,2.862
2010-05-01,19,0.184,0.186
2010-05-01,20,0.218,0.363
2010-05-01,21,0.26,0.28
2010-05-01,22,0.161,0.178
2010-05-01,23,0.2,0.321
2010-05-01,24,0.142,0.251
2010-05-02,1,0.437,0.767
2010-05-02,2,0.313,0.349
2010-05-02,3,0.198,0.307
2010-05-02,4,0.116,0.183
2010-05-02,5,0.155,0.175
2010-05-02,6,0.224,0.259
2010-05-02,7,1.116,2.63
2010-05-02,8,0.127,0.402
2010-05-02,9,0.259,0.358
2010-05-02,10,0.19,0.21
2010-05-02,11,0.116,0.131
2010-05-02,12,0.234,0.327
2010-05-02,13,0.13,0.172
2010-05-02,14,0.134,0.178
2010-05-02,15,0.156,0.358
2010-05-02,16,0.111,0.143
2010-05-02,17,0.313,0.542
2010-05-02,18,1.468,2.001
2010-05-02,19,2.315,2.503
2010-05-02,20,1.999,4.128
2010-05-02,21,0.341,0.394
2010-05-02,22,1.125,1.731
2010-05-02,23,0.684,1.742
2010-05-02,24,1.318,1.385
2010-05-03,1,0.662,0.793
2010-05-03,2,0.223,0.474
2010-05-03,3,0.186,0.26
2010-05-03,4,0.16,0.334
2010-05-03,5,0.14,0.338
2010-05-03,6,0.149,0.199
2010-05-03,7,1.301,3.055
2010-05-03,8,0.155,0.835
2010-05-03,9,0.229,0.302
2010-05-03,10,0.142,0.295
2010-05-03,11,0.607,2.754
2010-05-03,12,0.185,2.086
2010-05-03,13,0.392,1.337
2010-05-03,14,0.213,1.349
2010-05-03,15,0.145,0.253
2010-05-03,16,0.201,0.3
2010-05-03,17,0.179,0.695
2010-05-03,18,2.388,3.135
2010-05-03,19,3.392,3.724
2010-05-03,20,0.441,0.51
2010-05-03,21,1.157,1.463
2010-05-03,22,0.807,2.242
2010-05-03,23,1.417,1.506
2010-05-03,24,0.724,1.023
2010-05-04,1,0.3,0.35
2010-05-04,2,0.144,0.147
2010-05-04,3,0.17,0.202
2010-05-04,4,0.227,0.259
2010-05-04,5,0.146,0.225
2010-05-04,6,0.143,0.144
2010-05-04,7,1.275,3.048
2010-05-04,8,0.668,2.456
2010-05-04,9,0.158,0.332
2010-05-04,10,0.546,1.126
2010-05-04,11,0.266,0.333
2010-05-04,12,0.227,0.386
2010-05-04,13,0.206,0.287
2010-05-04,14,0.197,0.227
2010-05-04,15,0.156,0.157
2010-05-04,16,0.185,0.343
2010-05-04,17,0.158,0.213
2010-05-04,18,1.305,2.369
2010-05-04,19,0.158,0.255
2010-05-04,20,0.364,0.678
2010-05-04,21,0.391,0.48
2010-05-04,22,0.596,0.732
2010-05-04,23,0.574,2.398
2010-05-04,24,0.802,1.618
2010-05-05,1,0.261,0.316
2010-05-05,2,0.122,0.143
2010-05-05,3,0.216,0.31
2010-05-05,4,0.146,0.168
2010-05-05,5,0.131,0.238
2010-05-05,6,0.166,0.293
2010-05-05,7,1.133,1.276
2010-05-05,8,0.181,0.691
2010-05-05,9,0.277,0.325
2010-05-05,10,0.146,0.219
2010-05-05,11,0.147,0.159
2010-05-05,12,0.241,0.328
2010-05-05,13,0.14,0.147
2010-05-05,14,0.18,0.19
2010-05-05,15,0.207,0.266
2010-05-05,16,0.156,0.235
2010-05-05,17,0.145,0.156
2010-05-05,18,1.178,1.807
2010-05-05,19,0.267,0.599
2010-05-05,20,2.215,2.3
2010-05-05,21,0.408,0.722
2010-05-05,22,0.709,0.783
2010-05-05,23,1.336,2.005
2010-05-05,24,0.665,1.493
2010-05-06,1,0.169,0.376
2010-05-06,2,0.146,0.255
2010-05-06,3,0.195,0.195
2010-05-06,4,0.211,0.283
2010-05-06,5,0.126,0.243
2010-05-06,6,0.14,0.208
2010-05-06,7,1.011,1.333
2010-05-06,8,0.167,0.431
2010-05-06,9,0.135,0.244
2010-05-06,10,0.251,0.38
2010-05-06,11,0.172,0.221
2010-05-06,12,0.218,0.548
2010-05-06,13,0.422,0.908
2010-05-06,14,0.182,1.047
2010-05-06,15,0.285,0.313
2010-05-06,16,0.32,0.398
2010-05-06,17,0.131,0.23
2010-05-06,18,1.188,2.064
2010-05-06,19,0.308,1.204
2010-05-06,20,0.16,0.674
2010-05-06,21,1.01,3.914
2010-05-06,22,0.878,0.891
2010-05-06,23,1.026,1.09
2010-05-06,24,0.947,0.986
2010-05-07,1,0.293,1.04
2010-05-07,2,0.266,0.268
2010-05-07,3,0.148,0.19
2010-05-07,4,0.143,0.304
2010-05-07,5,0.141,0.267
2010-05-07,6,0.16,0.222
2010-05-07,7,1.11,2.5
2010-05-07,8,0.335,0.455
2010-05-07,9,0.145,0.215
2010-05-07,10,0.767,2.774
2010-05-07,11,1.547,2.149
2010-05-07,12,0.353,0.584
2010-05-07,13,0.363,0.446
2010-05-07,14,0.22,0.397
2010-05-07,15,0.125,0.166
2010-05-07,16,0.295,0.585
2010-05-07,17,0.143,0.186
2010-05-07,18,1.388,3.014
2010-05-07,19,0.381,1.434
2010-05-07,20,0.374,0.429
2010-05-07,21,0.19,0.249
2010-05-07,22,0.33,0.398
2010-05-07,23,0.286,0.313
2010-05-07,24,0.865,1.075
2010-05-08,1,0.227,0.337
2010-05-08,2,0.144,0.195
2010-05-08,3,0.15,0.351
2010-05-08,4,0.143,0.229
2010-05-08,5,0.142,0.216
2010-05-08,6,0.16,0.268
2010-05-08,7,1.01,1.163
2010-05-08,8,0.16,0.241
2010-05-08,9,0.223,0.279
2010-05-08,10,0.145,0.305
2010-05-08,11,0.139,0.542
2010-05-08,12,0.447,0.862
2010-05-08,13,0.298,0.455
2010-05-08,14,0.209,0.26
2010-05-08,15,0.372,0.459
2010-05-08,16,0.14,0.234
2010-05-08,17,0.143,0.22
2010-05-08,18,1.118,1.82
2010-05-08,19,0.183,0.238
2010-05-08,20,0.137,0.36
2010-05-08,21,0.763,3.526
2010-05-08,22,0.766,1.31
2010-05-08,23,1.396,1.453
2010-05-08,24,1.243,1.538
2010-05-09,1,1.648,1.685
2010-05-09,2,0.573,1.508
2010-05-09,3,0.157,0.207
2010-05-09,4,0.151,0.271
2010-05-09,5,0.141,0.314
2010-05-09,6,0.145,0.173
2010-05-09,7,1.32,1.999
2010-05-09,8,0.157,0.268
2010-05-09,9,0.228,0.316
2010-05-09,10,0.371,0.469
2010-05-09,11,0.324,0.333
2010-05-09,12,0.352,0.594
2010-05-09,13,0.166,0.886
2010-05-09,14,0.202,0.391
2010-05-09,15,0.121,0.158
2010-05-09,16,0.185,0.227
2010-05-09,17,0.587,1.111
2010-05-09,18,0.918,2.325
2010-05-09,19,2.396,3.066
2010-05-09,20,1.271,1.719
2010-05-09,21,2.1,2.692
2010-05-09,22,0.85,2.677
2010-05-09,23,0.916,1.306
2010-05-09,24,0.787,0.875
2010-05-10,1,0.305,0.943
2010-05-10,2,0.214,0.228
2010-05-10,3,0.147,0.147
2010-05-10,4,0.294,0.302
2010-05-10,5,0.148,0.18
2010-05-10,6,0.18,0.204
2010-05-10,7,1.235,3.044
2010-05-10,8,0.174,2.641
2010-05-10,9,0.251,0.533
2010-05-10,10,0.362,0.588
2010-05-10,11,0.186,0.194
2010-05-10,12,0.166,0.23
2010-05-10,13,0.223,0.358
2010-05-10,14,0.159,0.227
2010-05-10,15,0.158,0.244
2010-05-10,16,0.187,0.288
2010-05-10,17,0.246,0.252
2010-05-10,18,0.146,0.147
2010-05-10,19,0.21,0.343
2010-05-10,20,0.167,0.241
2010-05-10,21,0.544,0.883
2010-05-10,22,1.253,2.086
2010-05-10,23,1.483,1.623
2010-05-10,24,0.316,0.908
2010-05-11,1,0.223,0.331
2010-05-11,2,0.181,0.209
2010-05-11,3,0.138,0.222
2010-05-11,4,0.158,0.364
2010-05-11,5,0.135,0.159
2010-05-11,6,0.206,0.224
2010-05-11,7,1.166,2.907
2010-05-11,8,0.344,1.55
2010-05-11,9,0.223,0.231
2010-05-11,10,0.432,0.947
2010-05-11,11,0.283,2.366
2010-05-11,12,0.149,1.498
2010-05-11,13,0.366,0.524
2010-05-11,14,0.145,0.15
2010-05-11,15,0.197,0.213
2010-05-11,16,0.126,0.278
2010-05-11,17,0.165,0.322
2010-05-11,18,0.131,0.174
2010-05-11,19,0.218,0.238
2010-05-11,20,0.562,0.796
2010-05-11,21,0.426,0.816
2010-05-11,22,0.545,0.556
2010-05-11,23,0.599,0.772
2010-05-11,24,0.855,0.87
2010-05-12,1,0.172,0.304
2010-05-12,2,0.182,0.217
2010-05-12,3,0.174,0.283
2010-05-12,4,0.154,0.285
2010-05-12,5,0.147,0.152
2010-05-12,6,0.253,0.268
2010-05-12,7,1.236,1.42
2010-05-12,8,0.213,0.332
2010-05-12,9,0.263,0.407
2010-05-12,10,0.206,1.331
2010-05-12,11,0.235,0.379
2010-05-12,12,0.188,0.71
2010-05-12,13,0.449,1.696
2010-05-12,14,0.38,0.714
2010-05-12,15,0.452,1.741
2010-05-12,16,0.147,1.537
2010-05-12,17,0.176,0.211
2010-05-12,18,0.167,0.285
2010-05-12,19,0.154,0.293
2010-05-12,20,0.148,0.166
2010-05-12,21,0.257,0.274
2010-05-12,22,0.195,0.22
2010-05-12,23,0.219,0.258
2010-05-12,24,0.174,0.316
2010-05-13,1,0.159,0.338
2010-05-13,2,0.144,0.184
2010-05-13,3,0.17,0.188
2010-05-13,4,0.226,0.278
2010-05-13,5,0.147,0.196
2010-05-13,6,0.139,0.194
2010-05-13,7,0.233,0.279
2010-05-13,8,0.155,1.197
2010-05-13,9,2.085,2.842
2010-05-13,10,0.144,0.254
2010-05-13,11,0.176,0.292
2010-05-13,12,0.144,0.192
2010-05-13,13,0.143,0.185
2010-05-13,14,0.142,0.344
2010-05-13,15,0.125,0.233
2010-05-13,16,0.147,0.225
2010-05-13,17,0.15,0.158
2010-05-13,18,0.28,0.282
2010-05-13,19,0.15,0.181
2010-05-13,20,0.126,0.226
2010-05-13,21,0.199,0.235
2010-05-13,22,0.246,0.279
2010-05-13,23,0.182,0.197
2010-05-13,24,0.179,0.224
2010-05-14,1,0.236,0.301
2010-05-14,2,0.183,0.204
2010-05-14,3,0.125,0.194
2010-05-14,4,0.145,0.192
2010-05-14,5,0.24,0.273
2010-05-14,6,0.149,0.177
2010-05-14,7,0.122,0.211
2010-05-14,8,0.143,1.2
2010-05-14,9,1.947,3.021
2010-05-14,10,0.597,0.798
2010-05-14,11,0.387,0.899
2010-05-14,12,0.319,0.333
2010-05-14,13,0.245,0.4
2010-05-14,14,0.14,0.141
2010-05-14,15,0.166,0.213
2010-05-14,16,0.144,0.191
2010-05-14,17,0.162,0.369
2010-05-14,18,0.134,0.156
2010-05-14,19,0.14,0.219
2010-05-14,20,0.187,0.319
2010-05-14,21,0.147,0.22
2010-05-14,22,0.144,0.219
2010-05-14,23,0.239,0.247
2010-05-14,24,0.198,0.302
2010-05-15,1,0.163,0.24
2010-05-15,2,0.14,0.187
2010-05-15,3,0.246,0.273
2010-05-15,4,0.147,0.167
2010-05-15,5,0.121,0.239
2010-05-15,6,0.136,0.138
2010-05-15,7,0.27,0.285
2010-05-15,8,0.127,1.057
2010-05-15,9,2.067,2.949
2010-05-15,10,0.136,0.137
2010-05-15,11,0.271,0.286
2010-05-15,12,0.117,0.133
2010-05-15,13,0.158,0.201
2010-05-15,14,0.133,0.186
2010-05-15,15,0.321,0.425
2010-05-15,16,0.127,0.161
2010-05-15,17,0.154,0.237
2010-05-15,18,0.142,0.283
2010-05-15,19,0.251,0.365
2010-05-15,20,0.318,1.036
2010-05-15,21,0.209,0.23
2010-05-15,22,0.235,0.272
2010-05-15,23,0.155,0.239
2010-05-15,24,0.163,1.245
2010-05-16,1,0.262,0.975
2010-05-16,2,0.142,0.166
2010-05-16,3,0.198,0.461
2010-05-16,4,0.588,0.688
2010-05-16,5,0.555,0.686
2010-05-16,6,0.532,0.574
2010-05-16,7,0.584,0.633
2010-05-16,8,0.673,1.706
2010-05-16,9,3.342,3.49
2010-05-16,10,0.555,2.578
2010-05-16,11,0.399,1.514
2010-05-16,12,0.126,0.208
2010-05-16,13,0.304,0.739
2010-05-16,14,0.23,0.739
2010-05-16,15,0.227,0.66
2010-05-16,16,0.39,0.432
2010-05-16,17,0.254,0.811
2010-05-16,18,0.421,2.109
2010-05-16,19,1.67,1.945
2010-05-16,20,0.774,1.392
2010-05-16,21,0.563,2.654
2010-05-16,22,0.44,1.352
2010-05-16,23,1.052,1.611
2010-05-16,24,0.244,0.327
2010-05-17,1,0.159,0.181
2010-05-17,2,0.275,0.312
2010-05-17,3,0.128,0.144
2010-05-17,4,0.202,0.217
2010-05-17,5,0.214,0.249
2010-05-17,6,0.195,0.203
2010-05-17,7,0.123,0.14
2010-05-17,8,1.223,3.139
2010-05-17,9,2.19,3.124
2010-05-17,10,0.215,0.366
2010-05-17,11,0.148,0.211
2010-05-17,12,0.224,0.326
2010-05-17,13,0.16,0.161
2010-05-17,14,0.196,0.22
2010-05-17,15,0.238,0.264
2010-05-17,16,0.208,0.209
2010-05-17,17,0.157,1.146
2010-05-17,18,0.968,3.014
2010-05-17,19,0.254,0.367
2010-05-17,20,0.332,0.457
2010-05-17,21,0.373,0.468
2010-05-17,22,0.467,0.68
2010-05-17,23,0.958,1.167
2010-05-17,24,0.881,1.078
2010-05-18,1,0.241,0.252
2010-05-18,2,0.218,0.335
2010-05-18,3,0.143,0.195
2010-05-18,4,0.138,0.211
2010-05-18,5,0.226,0.272
2010-05-18,6,0.122,0.229
2010-05-18,7,0.143,1.041
2010-05-18,8,0.311,1.253
2010-05-18,9,0.142,0.143
2010-05-18,10,0.174,0.225
2010-05-18,11,0.198,0.276
2010-05-18,12,0.182,0.194
2010-05-18,13,0.139,0.144
2010-05-18,14,0.247,0.344
2010-05-18,15,0.192,0.417
2010-05-18,16,0.265,0.353
2010-05-18,17,0.323,1.238
2010-05-18,18,0.295,0.456
2010-05-18,19,0.257,0.367
2010-05-18,20,0.374,0.603
2010-05-18,21,0.304,1.241
2010-05-18,22,0.601,0.843
2010-05-18,23,0.471,1.723
2010-05-18,24,0.827,1.456
2010-05-19,1,0.247,1.122
2010-05-19,2,0.141,0.209
2010-05-19,3,0.17,0.32
2010-05-19,4,0.142,0.25
2010-05-19,5,0.143,0.179
2010-05-19,6,0.259,0.297
2010-05-19,7,0.146,1.23
2010-05-19,8,0.144,1.841
2010-05-19,9,0.487,0.533
2010-05-19,10,0.27,0.696
2010-05-19,11,0.141,0.144
2010-05-19,12,0.27,0.331
2010-05-19,13,0.143,0.145
2010-05-19,14,0.402,0.601
2010-05-19,15,0.151,0.342
2010-05-19,16,0.174,0.228
2010-05-19,17,0.142,1.414
2010-05-19,18,0.242,1.958
2010-05-19,19,0.179,0.25
2010-05-19,20,0.382,1.799
2010-05-19,21,0.285,0.784
2010-05-19,22,0.435,0.832
2010-05-19,23,0.804,1.45
2010-05-19,24,0.344,1.019
2010-05-20,1,0.306,0.398
2010-05-20,2,0.192,0.289
2010-05-20,3,0.18,0.283
2010-05-20,4,0.157,0.336
2010-05-20,5,0.136,0.15
2010-05-20,6,0.231,0.314
2010-05-20,7,0.205,1.106
2010-05-20,8,1.092,2.927
2010-05-20,9,0.425,0.55
2010-05-20,10,0.773,0.829
2010-05-20,11,0.199,0.218
2010-05-20,12,0.256,0.376
2010-05-20,13,0.202,1.271
2010-05-20,14,0.22,0.31
2010-05-20,15,0.332,0.946
2010-05-20,16,0.652,1.162
2010-05-20,17,0.351,1.209
2010-05-20,18,0.364,2.584
2010-05-20,19,0.254,0.318
2010-05-20,20,0.234,0.305
2010-05-20,21,2.304,2.588
2010-05-20,22,0.431,0.661
2010-05-20,23,1.142,1.255
2010-05-20,24,0.304,0.45
2010-05-21,1,0.191,0.279
2010-05-21,2,0.217,0.28
2010-05-21,3,0.146,0.147
2010-05-21,4,0.303,0.303
2010-05-21,5,0.143,0.147
2010-05-21,6,0.218,0.223
2010-05-21,7,0.264,1.01
2010-05-21,8,1.177,2.935
2010-05-21,9,0.311,0.876
2010-05-21,10,0.438,0.634
2010-05-21,11,0.414,1.109
2010-05-21,12,0.76,1.23
2010-05-21,13,0.201,0.554
2010-05-21,14,0.143,0.274
2010-05-21,15,0.388,0.891
2010-05-21,16,0.497,1.548
2010-05-21,17,1.084,1.55
2010-05-21,18,2.124,2.945
2010-05-21,19,0.255,0.257
2010-05-21,20,0.17,0.185
2010-05-21,21,0.29,0.725
2010-05-21,22,1.259,1.319
2010-05-21,23,1.389,1.42
2010-05-21,24,0.79,1.339
2010-05-22,1,0.331,0.405
2010-05-22,2,0.228,0.298
2010-05-22,3,0.205,0.231
2010-05-22,4,0.158,0.24
2010-05-22,5,0.251,0.258
2010-05-22,6,0.181,0.267
2010-05-22,7,0.162,1.174
2010-05-22,8,3.003,3.06
2010-05-22,9,0.177,2.274
2010-05-22,10,0.164,0.297
2010-05-22,11,0.189,0.346
2010-05-22,12,0.156,0.22
2010-05-22,13,0.239,0.259
2010-05-22,14,0.186,0.279
2010-05-22,15,0.197,0.27
2010-05-22,16,0.171,0.347
2010-05-22,17,0.374,1.349
2010-05-22,18,0.178,2.251
2010-05-22,19,0.275,0.356
2010-05-22,20,0.228,0.271
2010-05-22,21,0.738,0.849
2010-05-22,22,0.917,2.164
2010-05-22,23,1.127,2.841
2010-05-22,24,1.136,1.241
2010-05-23,1,0.508,0.582
2010-05-23,2,0.258,0.436
2010-05-23,3,0.175,0.176
2010-05-23,4,0.328,0.402
2010-05-23,5,0.17,0.176
2010-05-23,6,0.233,0.259
2010-05-23,7,0.196,0.3
2010-05-23,8,0.266,1.289
2010-05-23,9,1.88,2.887
2010-05-23,10,0.285,0.594
2010-05-23,11,0.164,0.407
2010-05-23,12,0.437,0.543
2010-05-23,13,0.388,0.787
2010-05-23,14,0.201,0.266
2010-05-23,15,0.25,0.305
2010-05-23,16,0.203,0.267
2010-05-23,17,0.17,0.262
2010-05-23,18,0.201,0.388
2010-05-23,19,0.286,0.979
2010-05-23,20,0.27,2.164
2010-05-23,21,1.354,1.721
2010-05-23,22,0.449,2.512
2010-05-23,23,1.668,3.253
2010-05-23,24,0.241,0.312
2010-05-24,1,0.296,0.473
2010-05-24,2,0.271,0.425
2010-05-24,3,0.27,0.287
2010-05-24,4,0.263,0.297
2010-05-24,5,0.171,0.269
2010-05-24,6,0.169,0.183
2010-05-24,7,0.275,0.343
2010-05-24,8,0.187,1.115
2010-05-24,9,2.151,2.906
2010-05-24,10,0.256,0.822
2010-05-24,11,0.172,0.251
2010-05-24,12,0.191,0.206
2010-05-24,13,0.314,0.322
2010-05-24,14,0.171,0.174
2010-05-24,15,0.198,0.324
2010-05-24,16,0.196,0.304
2010-05-24,17,0.221,0.254
2010-05-24,18,0.175,0.266
2010-05-24,19,1.439,3.142
2010-05-24,20,0.268,0.577
2010-05-24,21,0.405,2.619
2010-05-24,22,0.791,0.872
2010-05-24,23,0.509,0.513
2010-05-24,24,0.394,1.507
2010-05-25,1,0.662,1.612
2010-05-25,2,0.333,1.631
2010-05-25,3,0.174,0.255
2010-05-25,4,0.18,0.317
2010-05-25,5,0.155,0.333
2010-05-25,6,0.192,0.245
2010-05-25,7,0.221,0.532
2010-05-25,8,0.505,1.116
2010-05-25,9,1.117,2.907
2010-05-25,10,0.965,1.162
2010-05-25,11,0.247,0.332
2010-05-25,12,0.193,0.223
2010-05-25,13,0.31,0.318
2010-05-25,14,0.17,0.174
2010-05-25,15,0.227,0.239
2010-05-25,16,0.219,0.354
2010-05-25,17,0.159,2.696
2010-05-25,18,0.645,1.207
2010-05-25,19,1.5,3.005
2010-05-25,20,0.183,0.425
2010-05-25,21,0.325,0.339
2010-05-25,22,0.187,0.544
2010-05-25,23,1.03,1.303
2010-05-25,24,1.07,1.188
2010-05-26,1,0.387,1.146
2010-05-26,2,0.251,0.343
2010-05-26,3,0.175,0.19
2010-05-26,4,0.274,0.308
2010-05-26,5,0.212,0.346
2010-05-26,6,0.16,0.239
2010-05-26,7,0.262,0.295
2010-05-26,8,0.243,1.295
2010-05-26,9,0.411,2.638
2010-05-26,10,0.317,0.667
2010-05-26,11,0.17,0.176
2010-05-26,12,0.195,0.247
2010-05-26,13,0.26,0.323
2010-05-26,14,0.176,0.25
2010-05-26,15,0.182,0.243
2010-05-26,16,0.19,0.356
2010-05-26,17,0.186,0.24
2010-05-26,18,0.202,0.318
2010-05-26,19,1.349,1.799
2010-05-26,20,0.173,0.221
2010-05-26,21,0.366,0.714
2010-05-26,22,0.414,2.669
2010-05-26,23,0.705,0.921
2010-05-26,24,1.499,1.652
2010-05-27,1,0.407,0.748
2010-05-27,2,0.271,0.414
2010-05-27,3,0.225,0.414
2010-05-27,4,0.237,0.312
2010-05-27,5,0.269,0.317
2010-05-27,6,0.191,0.364
2010-05-27,7,0.187,0.264
2010-05-27,8,0.209,1.36
2010-05-27,9,0.19,3.002
2010-05-27,10,0.479,1.517
2010-05-27,11,0.361,0.408
2010-05-27,12,0.172,0.36
2010-05-27,13,0.174,0.264
2010-05-27,14,0.287,0.287
2010-05-27,15,0.178,0.241
2010-05-27,16,0.212,0.222
2010-05-27,17,0.264,0.338
2010-05-27,18,0.185,0.192
2010-05-27,19,1.699,1.789
2010-05-27,20,0.231,0.237
2010-05-27,21,0.177,0.551
2010-05-27,22,0.438,0.57
2010-05-27,23,0.968,1.085
2010-05-27,24,1.098,1.66
2010-05-28,1,0.782,1.563
2010-05-28,2,0.236,0.403
2010-05-28,3,0.189,0.326
2010-05-28,4,0.208,0.374
2010-05-28,5,0.188,0.3
2010-05-28,6,0.215,0.238
2010-05-28,7,0.231,0.34
2010-05-28,8,0.287,1.136
2010-05-28,9,1.269,2.816
2010-05-28,10,1.086,2.821
2010-05-28,11,0.429,0.616
2010-05-28,12,0.473,0.578
2010-05-28,13,0.365,0.395
2010-05-28,14,0.184,0.232
2010-05-28,15,0.171,0.253
2010-05-28,16,0.301,0.359
2010-05-28,17,0.187,0.246
2010-05-28,18,0.182,0.19
2010-05-28,19,1.265,3.084
2010-05-28,20,0.202,2.043
2010-05-28,21,0.186,2.294
2010-05-28,22,1.289,4.77
2010-05-28,23,1.359,1.422
2010-05-28,24,1.097,2.422
2010-05-29,1,0.521,0.764
2010-05-29,2,0.266,0.336
2010-05-29,3,0.277,0.3
2010-05-29,4,0.176,0.227
2010-05-29,5,0.174,0.233
2010-05-29,6,0.303,0.341
2010-05-29,7,0.163,0.205
2010-05-29,8,0.229,2.59
2010-05-29,9,0.308,1.928
2010-05-29,10,0.174,0.28
2010-05-29,11,0.349,0.69
2010-05-29,12,0.226,0.803
2010-05-29,13,0.43,1.905
2010-05-29,14,0.462,1.117
2010-05-29,15,1.024,1.709
2010-05-29,16,0.404,0.505
2010-05-29,17,0.671,1.54
2010-05-29,18,2.723,3.211
2010-05-29,19,4.277,4.732
2010-05-29,20,1.448,3.897
2010-05-29,21,0.271,0.351
2010-05-29,22,0.685,1.076
2010-05-29,23,0.98,1.469
2010-05-29,24,2.299,4.096
2010-05-30,1,1.882,3.021
2010-05-30,2,1.076,1.713
2010-05-30,3,0.324,0.347
2010-05-30,4,0.574,0.592
2010-05-30,5,0.305,0.649
2010-05-30,6,0.216,0.278
2010-05-30,7,0.252,0.283
2010-05-30,8,0.179,2.783
2010-05-30,9,0.291,0.975
2010-05-30,10,0.261,0.326
2010-05-30,11,0.21,0.551
2010-05-30,12,0.615,0.911
2010-05-30,13,0.271,0.714
2010-05-30,14,2.071,4.332
2010-05-30,15,0.171,1.596
2010-05-30,16,0.291,0.31
2010-05-30,17,0.171,0.251
2010-05-30,18,0.165,0.347
2010-05-30,19,2.768,2.846
2010-05-30,20,0.601,1.205
2010-05-30,21,0.633,3.593
2010-05-30,22,1.417,2.14
2010-05-30,23,1.6,3.807
2010-05-30,24,0.273,0.306
2010-05-31,1,0.31,0.376
2010-05-31,2,0.177,0.362
2010-05-31,3,0.225,0.296
2010-05-31,4,0.171,0.257
2010-05-31,5,0.222,0.261
2010-05-31,6,0.17,0.261
2010-05-31,7,0.174,0.28
2010-05-31,8,2.578,2.902
2010-05-31,9,0.282,0.72
2010-05-31,10,0.565,0.983
2010-05-31,11,0.256,0.459
2010-05-31,12,0.161,0.349
2010-05-31,13,0.174,0.218
2010-05-31,14,0.194,0.346
2010-05-31,15,0.168,0.189
2010-05-31,16,0.249,0.319
2010-05-31,17,0.151,0.178
2010-05-31,18,0.261,0.268
2010-05-31,19,4.126,5.163
2010-05-31,20,1.415,2.367
2010-05-31,21,1.055,2.98
2010-05-31,22,1.071,2.022
2010-05-31,23,1.204,1.428
2010-05-31,24,1.174,1.328
2010-06-01,1,0.269,0.273
2010-06-01,2,0.277,0.284
2010-06-01,3,0.182,0.219
2010-06-01,4,0.269,0.28
2010-06-01,5,0.162,0.236
2010-06-01,6,0.264,0.291
2010-06-01,7,0.176,0.184
2010-06-01,8,2.034,2.76
2010-06-01,9,0.496,0.763
2010-06-01,10,0.333,0.491
2010-06-01,11,2.123,2.444
2010-06-01,12,0.419,0.58
2010-06-01,13,0.181,0.387
2010-06-01,14,0.18,0.222
2010-06-01,15,0.182,0.392
2010-06-01,16,0.171,0.216
2010-06-01,17,0.243,0.353
2010-06-01,18,0.156,0.236
2010-06-01,19,0.859,2.671
2010-06-01,20,0.185,0.232
2010-06-01,21,0.357,2.371
2010-06-01,22,0.438,0.555
2010-06-01,23,0.689,1.586
2010-06-01,24,0.343,0.413
2010-06-02,1,0.219,0.277
2010-06-02,2,0.299,0.384
2010-06-02,3,0.2,0.233
2010-06-02,4,0.204,0.252
2010-06-02,5,0.257,0.389
2010-06-02,6,0.203,0.217
2010-06-02,7,0.224,0.282
2010-06-02,8,2.434,2.66
2010-06-02,9,0.298,0.428
2010-06-02,10,0.657,0.728
2010-06-02,11,0.207,0.381
2010-06-02,12,0.198,0.198
2010-06-02,13,0.279,0.367
2010-06-02,14,0.186,0.257
2010-06-02,15,0.237,0.278
2010-06-02,16,0.23,0.308
2010-06-02,17,0.238,0.337
2010-06-02,18,0.177,0.2
2010-06-02,19,1.106,2.931
2010-06-02,20,0.177,0.207
2010-06-02,21,0.301,0.345
2010-06-02,22,0.345,0.399
2010-06-02,23,0.318,0.385
2010-06-02,24,0.253,0.938
2010-06-03,1,0.378,0.997
2010-06-03,2,0.184,0.189
2010-06-03,3,0.245,0.257
2010-06-03,4,0.224,0.319
2010-06-03,5,0.224,0.248
2010-06-03,6,0.186,0.208
2010-06-03,7,0.287,0.35
2010-06-03,8,0.961,2.451
2010-06-03,9,0.226,1.071
2010-06-03,10,0.338,0.997
2010-06-03,11,0.257,0.328
2010-06-03,12,0.17,0.211
2010-06-03,13,0.29,0.355
2010-06-03,14,0.184,0.186
2010-06-03,15,0.218,1.876
2010-06-03,16,1.223,2.151
2010-06-03,17,0.698,0.788
2010-06-03,18,0.644,0.688
2010-06-03,19,1.824,2.904
2010-06-03,20,0.523,0.549
2010-06-03,21,0.769,1.712
2010-06-03,22,2.083,2.227
2010-06-03,23,1.42,1.763
2010-06-03,24,1.496,1.628
2010-06-04,1,0.204,0.392
2010-06-04,2,0.206,0.387
2010-06-04,3,0.171,0.317
2010-06-04,4,0.175,0.263
2010-06-04,5,0.295,0.303
2010-06-04,6,0.188,0.262
2010-06-04,7,0.16,0.23
2010-06-04,8,1.554,2.701
2010-06-04,9,0.548,0.798
2010-06-04,10,0.942,1.15
2010-06-04,11,1.191,1.246
2010-06-04,12,0.58,0.77
2010-06-04,13,0.338,0.456
2010-06-04,14,0.215,0.26
2010-06-04,15,0.159,0.186
2010-06-04,16,0.252,0.395
2010-06-04,17,0.156,0.174
2010-06-04,18,0.193,0.266
2010-06-04,19,0.209,0.306
2010-06-04,20,0.206,0.254
2010-06-04,21,0.165,0.211
2010-06-04,22,0.29,0.352
2010-06-04,23,0.179,0.185
2010-06-04,24,0.231,0.423
2010-06-05,1,0.182,0.241
2010-06-05,2,0.213,0.255
2010-06-05,3,0.218,0.293
2010-06-05,4,0.177,0.234
2010-06-05,5,0.165,0.199
2010-06-05,6,0.245,0.33
2010-06-05,7,0.156,0.218
2010-06-05,8,0.145,0.227
2010-06-05,9,0.217,0.35
2010-06-05,10,0.165,0.219
2010-06-05,11,0.184,0.212
2010-06-05,12,0.253,0.3
2010-06-05,13,0.164,0.227
2010-06-05,14,0.159,0.252
2010-06-05,15,0.18,0.361
2010-06-05,16,0.152,0.212
2010-06-05,17,0.228,0.269
2010-06-05,18,0.222,0.246
2010-06-05,19,0.165,0.228
2010-06-05,20,0.171,0.362
2010-06-05,21,0.167,0.275
2010-06-05,22,0.152,0.263
2010-06-05,23,0.32,0.324
2010-06-05,24,0.182,0.258
2010-06-06,1,0.172,0.261
2010-06-06,2,0.256,0.313
2010-06-06,3,0.143,0.236
2010-06-06,4,0.165,0.203
2010-06-06,5,0.224,0.357
2010-06-06,6,0.161,0.176
2010-06-06,7,0.195,0.241
2010-06-06,8,0.181,0.296
2010-06-06,9,0.186,0.267
2010-06-06,10,0.145,0.211
2010-06-06,11,0.202,0.394
2010-06-06,12,0.149,0.166
2010-06-06,13,0.242,0.266
2010-06-06,14,0.182,0.288
2010-06-06,15,0.162,0.257
2010-06-06,16,0.164,0.325
2010-06-06,17,0.156,0.331
2010-06-06,18,0.165,0.201
2010-06-06,19,0.279,0.325
2010-06-06,20,0.177,0.198
2010-06-06,21,0.151,0.253
2010-06-06,22,0.299,0.308
2010-06-06,23,0.191,0.274
2010-06-06,24,0.193,0.253
2010-06-07,1,0.239,0.4
2010-06-07,2,0.155,0.164
2010-06-07,3,0.238,0.285
2010-06-07,4,0.138,0.309
2010-06-07,5,0.209,0.245
2010-06-07,6,0.15,0.276
2010-06-07,7,0.219,0.305
2010-06-07,8,0.137,0.16
2010-06-07,9,0.233,0.346
2010-06-07,10,0.162,0.202
2010-06-07,11,0.202,0.217
2010-06-07,12,0.207,0.292
2010-06-07,13,0.216,0.239
2010-06-07,14,0.144,0.164
2010-06-07,15,0.263,0.371
2010-06-07,16,0.146,0.169
2010-06-07,17,0.21,0.243
2010-06-07,18,0.213,0.28
2010-06-07,19,0.195,0.229
2010-06-07,20,0.162,0.162
2010-06-07,21,0.28,1.787
2010-06-07,22,3.144,4.425
2010-06-07,23,2.208,3.554
2010-06-07,24,0.292,0.369
2010-06-08,1,0.207,0.246
2010-06-08,2,0.321,0.354
2010-06-08,3,0.181,0.181
2010-06-08,4,0.203,0.258
2010-06-08,5,0.286,0.339
2010-06-08,6,0.17,0.26
2010-06-08,7,0.175,0.245
2010-06-08,8,0.779,2.835
2010-06-08,9,0.176,0.266
2010-06-08,10,0.178,0.185
2010-06-08,11,0.343,0.392
2010-06-08,12,0.2,0.24
2010-06-08,13,0.274,0.386
2010-06-08,14,0.235,0.357
2010-06-08,15,0.195,0.308
2010-06-08,16,0.198,0.3
2010-06-08,17,0.226,0.357
2010-06-08,18,0.227,0.3
2010-06-08,19,0.615,2.724
2010-06-08,20,0.799,0.947
2010-06-08,21,0.746,0.748
2010-06-08,22,1.475,2.112
2010-06-08,23,1.312,1.343
2010-06-08,24,1.473,1.713
2010-06-09,1,0.291,0.508
2010-06-09,2,0.196,0.267
2010-06-09,3,0.245,0.282
2010-06-09,4,0.168,0.187
2010-06-09,5,0.212,0.377
2010-06-09,6,0.163,0.216
2010-06-09,7,0.169,0.242
2010-06-09,8,1.603,2.504
2010-06-09,9,0.159,0.675
2010-06-09,10,0.213,0.396
2010-06-09,11,0.282,0.306
2010-06-09,12,0.139,0.164
2010-06-09,13,0.2,0.344
2010-06-09,14,0.166,0.278
2010-06-09,15,0.204,0.246
2010-06-09,16,0.17,0.255
2010-06-09,17,0.206,0.344
2010-06-09,18,0.162,0.163
2010-06-09,19,0.647,2.76
2010-06-09,20,0.145,0.187
2010-06-09,21,0.205,0.387
2010-06-09,22,1.617,3.754
2010-06-09,23,1.264,1.297
2010-06-09,24,1.056,1.239
2010-06-10,1,0.532,1.528
2010-06-10,2,0.31,0.312
2010-06-10,3,0.323,0.325
2010-06-10,4,0.234,0.245
2010-06-10,5,0.151,0.23
2010-06-10,6,0.231,0.352
2010-06-10,7,0.143,0.236
2010-06-10,8,0.85,2.425
2010-06-10,9,0.276,0.359
2010-06-10,10,0.662,0.722
2010-06-10,11,0.268,0.448
2010-06-10,12,0.258,0.386
2010-06-10,13,0.182,0.247
2010-06-10,14,0.264,0.325
2010-06-10,15,0.188,0.35
2010-06-10,16,0.197,0.258
2010-06-10,17,0.193,0.266
2010-06-10,18,0.267,0.29
2010-06-10,19,0.248,2.55
2010-06-10,20,0.147,0.358
2010-06-10,21,0.427,0.797
2010-06-10,22,1.148,3.275
2010-06-10,23,1.038,1.122
2010-06-10,24,1.239,2.095
2010-06-11,1,0.865,1.844
2010-06-11,2,0.18,1.651
2010-06-11,3,0.163,0.189
2010-06-11,4,0.234,0.295
2010-06-11,5,0.211,0.235
2010-06-11,6,0.162,0.167
2010-06-11,7,0.213,0.331
2010-06-11,8,0.161,1.788
2010-06-11,9,0.486,1.449
2010-06-11,10,0.3,0.783
2010-06-11,11,0.202,0.316
2010-06-11,12,0.223,0.362
2010-06-11,13,0.229,0.295
2010-06-11,14,0.489,0.514
2010-06-11,15,0.159,0.338
2010-06-11,16,0.299,0.308
2010-06-11,17,0.198,0.21
2010-06-11,18,0.17,0.208
2010-06-11,19,2.808,3.205
2010-06-11,20,0.176,0.694
2010-06-11,21,0.167,0.236
2010-06-11,22,0.18,0.39
2010-06-11,23,0.23,0.284
2010-06-11,24,0.228,0.242
2010-06-12,1,0.198,0.28
2010-06-12,2,0.168,0.351
2010-06-12,3,0.166,0.217
2010-06-12,4,0.195,0.202
2010-06-12,5,0.269,0.306
2010-06-12,6,0.145,0.168
2010-06-12,7,0.172,0.249
2010-06-12,8,2.555,3.054
2010-06-12,9,0.144,1.273
2010-06-12,10,0.168,0.26
2010-06-12,11,0.149,0.295
2010-06-12,12,0.181,0.271
2010-06-12,13,0.163,0.193
2010-06-12,14,0.224,0.263
2010-06-12,15,0.247,0.262
2010-06-12,16,0.151,0.163
2010-06-12,17,0.225,0.271
2010-06-12,18,0.281,0.347
2010-06-12,19,0.13,2.71
2010-06-12,20,0.216,0.372
2010-06-12,21,1.049,1.795
2010-06-12,22,0.431,0.432
2010-06-12,23,0.676,1.097
2010-06-12,24,0.282,0.748
2010-06-13,1,0.277,0.282
2010-06-13,2,0.173,0.273
2010-06-13,3,0.137,0.215
2010-06-13,4,0.146,0.296
2010-06-13,5,0.147,0.28
2010-06-13,6,0.16,0.216
2010-06-13,7,0.136,0.201
2010-06-13,8,1.655,2.607
2010-06-13,9,0.144,0.287
2010-06-13,10,0.178,0.22
2010-06-13,11,0.503,0.883
2010-06-13,12,0.192,0.289
2010-06-13,13,0.209,0.385
2010-06-13,14,0.226,0.366
2010-06-13,15,0.406,0.669
2010-06-13,16,0.299,0.391
2010-06-13,17,0.347,0.686
2010-06-13,18,1.255,1.408
2010-06-13,19,4.025,4.872
2010-06-13,20,0.62,1.314
2010-06-13,21,0.67,1.991
2010-06-13,22,0.911,1.208
2010-06-13,23,1.667,1.741
2010-06-13,24,0.341,0.57
2010-06-14,1,0.215,0.442
2010-06-14,2,0.17,0.221
2010-06-14,3,0.223,0.311
2010-06-14,4,0.237,0.267
2010-06-14,5,0.168,0.169
2010-06-14,6,0.274,0.306
2010-06-14,7,0.197,0.254
2010-06-14,8,2.727,2.926
2010-06-14,9,1.547,2.94
2010-06-14,10,0.46,1.213
2010-06-14,11,0.739,1.5
2010-06-14,12,0.216,0.296
2010-06-14,13,0.188,0.299
2010-06-14,14,0.173,0.188
2010-06-14,15,0.258,0.306
2010-06-14,16,0.22,0.245
2010-06-14,17,0.172,0.192
2010-06-14,18,0.192,0.603
2010-06-14,19,1.724,2.695
2010-06-14,20,0.251,0.3
2010-06-14,21,0.272,1.037
2010-06-14,22,0.407,0.822
2010-06-14,23,0.938,1.092
2010-06-14,24,1.248,1.42
2010-06-15,1,0.323,0.446
2010-06-15,2,0.196,0.215
2010-06-15,3,0.137,0.201
2010-06-15,4,0.212,0.444
2010-06-15,5,0.151,0.154
2010-06-15,6,0.193,0.203
2010-06-15,7,0.189,0.28
2010-06-15,8,1.015,2.671
2010-06-15,9,0.151,0.194
2010-06-15,10,0.305,0.37
2010-06-15,11,0.245,0.256
2010-06-15,12,0.168,0.175
2010-06-15,13,0.238,0.309
2010-06-15,14,0.213,0.271
2010-06-15,15,0.152,0.241
2010-06-15,16,0.182,0.364
2010-06-15,17,0.16,0.291
2010-06-15,18,0.203,0.244
2010-06-15,19,1.477,2.806
2010-06-15,20,0.168,0.35
2010-06-15,21,0.168,0.41
2010-06-15,22,0.465,0.47
2010-06-15,23,0.622,0.82
2010-06-15,24,1.18,1.257
2010-06-16,1,0.21,0.362
2010-06-16,2,0.202,0.266
2010-06-16,3,0.235,0.312
2010-06-16,4,0.181,0.258
2010-06-16,5,0.172,0.222
2010-06-16,6,0.224,0.382
2010-06-16,7,0.17,0.254
2010-06-16,8,1.679,2.514
2010-06-16,9,0.521,0.617
2010-06-16,10,0.138,0.149
2010-06-16,11,0.149,0.244
2010-06-16,12,0.247,0.338
2010-06-16,13,0.156,0.177
2010-06-16,14,0.186,0.203
2010-06-16,15,0.224,0.309
2010-06-16,16,0.136,0.247
2010-06-16,17,0.152,0.254
2010-06-16,18,0.227,1.176
2010-06-16,19,0.178,2.184
2010-06-16,20,0.149,0.745
2010-06-16,21,0.21,0.751
2010-06-16,22,0.345,0.473
2010-06-16,23,0.408,0.848
2010-06-16,24,0.369,1.751
2010-06-17,1,0.414,0.421
2010-06-17,2,0.25,0.285
2010-06-17,3,0.259,0.376
2010-06-17,4,0.196,0.316
2010-06-17,5,0.185,0.265
2010-06-17,6,0.187,0.368
2010-06-17,7,0.254,1.293
2010-06-17,8,0.206,2.756
2010-06-17,9,0.23,0.659
2010-06-17,10,0.296,0.499
2010-06-17,11,0.506,1.198
2010-06-17,12,0.332,0.415
2010-06-17,13,0.675,0.892
2010-06-17,14,0.616,2.643
2010-06-17,15,0.202,1.569
2010-06-17,16,0.203,0.235
2010-06-17,17,0.248,0.341
2010-06-17,18,0.251,1.165
2010-06-17,19,0.292,2.162
2010-06-17,20,1.008,2.408
2010-06-17,21,0.478,0.605
2010-06-17,22,0.494,0.869
2010-06-17,23,0.914,0.985
2010-06-17,24,1.349,1.894
2010-06-18,1,0.707,1.503
2010-06-18,2,0.192,0.381
2010-06-18,3,0.137,0.246
2010-06-18,4,0.199,0.279
2010-06-18,5,0.204,0.252
2010-06-18,6,0.154,0.166
2010-06-18,7,0.317,1.236
2010-06-18,8,1.928,3.026
2010-06-18,9,0.163,0.186
2010-06-18,10,0.215,0.355
2010-06-18,11,0.154,0.204
2010-06-18,12,0.186,0.214
2010-06-18,13,0.248,0.316
2010-06-18,14,0.14,0.163
2010-06-18,15,0.25,0.269
2010-06-18,16,0.371,0.518
2010-06-18,17,0.182,0.279
2010-06-18,18,0.149,0.233
2010-06-18,19,0.204,0.342
2010-06-18,20,0.14,0.178
2010-06-18,21,0.17,0.197
2010-06-18,22,0.264,0.289
2010-06-18,23,0.161,0.223
2010-06-18,24,0.184,0.32
2010-06-19,1,0.208,0.287
2010-06-19,2,0.149,0.235
2010-06-19,3,0.12,0.307
2010-06-19,4,0.142,0.286
2010-06-19,5,0.17,0.191
2010-06-19,6,0.137,0.251
2010-06-19,7,0.137,0.296
2010-06-19,8,0.135,0.213
2010-06-19,9,0.141,0.246
2010-06-19,10,0.153,0.296
2010-06-19,11,0.14,0.189
2010-06-19,12,0.162,0.243
2010-06-19,13,0.206,0.274
2010-06-19,14,0.125,0.151
2010-06-19,15,0.239,0.248
2010-06-19,16,0.234,0.242
2010-06-19,17,0.13,0.148
2010-06-19,18,0.235,0.291
2010-06-19,19,0.215,0.228
2010-06-19,20,0.135,0.139
2010-06-19,21,0.284,0.284
2010-06-19,22,0.159,0.26
2010-06-19,23,0.172,0.185
2010-06-19,24,0.31,0.355
2010-06-20,1,0.173,0.227
2010-06-20,2,0.136,0.156
2010-06-20,3,0.278,0.305
2010-06-20,4,0.114,0.153
2010-06-20,5,0.138,0.223
2010-06-20,6,0.258,0.294
2010-06-20,7,0.12,0.139
2010-06-20,8,0.173,0.21
2010-06-20,9,0.221,0.274
2010-06-20,10,0.137,0.18
2010-06-20,11,0.159,0.205
2010-06-20,12,0.206,0.269
2010-06-20,13,0.135,0.193
2010-06-20,14,0.151,0.287
2010-06-20,15,0.172,0.249
2010-06-20,16,0.143,0.237
2010-06-20,17,0.133,0.343
2010-06-20,18,0.177,0.24
2010-06-20,19,2.356,3.664
2010-06-20,20,0.979,2.677
2010-06-20,21,0.402,1.921
2010-06-20,22,0.386,0.745
2010-06-20,23,2.393,2.887
2010-06-20,24,1.521,1.702
2010-06-21,1,0.329,1.161
2010-06-21,2,0.213,0.268
2010-06-21,3,0.267,0.278
2010-06-21,4,0.151,0.224
2010-06-21,5,0.151,0.331
2010-06-21,6,0.151,0.263
2010-06-21,7,0.227,1.145
2010-06-21,8,1.762,3.053
2010-06-21,9,0.253,0.919
2010-06-21,10,0.316,0.575
2010-06-21,11,0.174,0.28
2010-06-21,12,0.142,0.232
2010-06-21,13,0.167,0.304
2010-06-21,14,0.254,0.288
2010-06-21,15,0.145,0.188
2010-06-21,16,0.224,0.241
2010-06-21,17,0.293,0.3
2010-06-21,18,0.152,1.259
2010-06-21,19,0.24,3.019
2010-06-21,20,0.314,0.808
2010-06-21,21,0.282,1.621
2010-06-21,22,0.427,0.447
2010-06-21,23,1.317,1.43
2010-06-21,24,1.405,2.194
2010-06-22,1,0.458,1.483
2010-06-22,2,0.354,0.362
2010-06-22,3,0.165,0.316
2010-06-22,4,0.154,0.199
2010-06-22,5,0.269,0.427
2010-06-22,6,0.154,0.173
2010-06-22,7,0.227,1.039
2010-06-22,8,0.858,3.132
2010-06-22,9,0.153,0.178
2010-06-22,10,0.203,0.51
2010-06-22,11,0.217,0.232
2010-06-22,12,0.192,0.229
2010-06-22,13,0.235,0.297
2010-06-22,14,0.16,0.245
2010-06-22,15,0.144,0.268
2010-06-22,16,0.209,0.322
2010-06-22,17,0.202,0.208
2010-06-22,18,0.151,1.29
2010-06-22,19,0.164,2.243
2010-06-22,20,0.147,0.212
2010-06-22,21,0.25,0.292
2010-06-22,22,0.354,0.669
2010-06-22,23,0.648,0.923
2010-06-22,24,0.88,1.155
2010-06-23,1,0.335,0.413
2010-06-23,2,0.19,0.351
2010-06-23,3,0.172,0.258
2010-06-23,4,0.219,0.333
2010-06-23,5,0.183,0.225
2010-06-23,6,0.152,0.252
2010-06-23,7,0.399,1.073
2010-06-23,8,0.149,0.163
2010-06-23,9,0.404,0.503
2010-06-23,10,0.216,0.533
2010-06-23,11,0.143,0.217
2010-06-23,12,0.276,0.346
2010-06-23,13,0.145,0.171
2010-06-23,14,0.202,0.278
2010-06-23,15,0.178,0.288
2010-06-23,16,0.159,0.232
2010-06-23,17,0.156,0.348
2010-06-23,18,0.262,1.06
2010-06-23,19,1.633,3.018
2010-06-23,20,0.294,0.372
2010-06-23,21,2.894,3.118
2010-06-23,22,0.633,0.799
2010-06-23,23,0.786,1.398
2010-06-23,24,0.292,0.336
2010-06-24,1,0.309,0.354
2010-06-24,2,0.212,0.256
2010-06-24,3,0.161,0.179
2010-06-24,4,0.304,0.345
2010-06-24,5,0.172,0.172
2010-06-24,6,0.221,0.287
2010-06-24,7,0.301,1.289
2010-06-24,8,0.205,2.886
2010-06-24,9,0.196,0.601
2010-06-24,10,0.608,0.855
2010-06-24,11,0.272,0.298
2010-06-24,12,0.4,0.41
2010-06-24,13,0.332,0.465
2010-06-24,14,0.858,1.178
2010-06-24,15,0.195,0.343
2010-06-24,16,0.145,0.223
2010-06-24,17,0.302,0.313
2010-06-24,18,0.394,1.499
2010-06-24,19,0.263,2.592
2010-06-24,20,0.794,1.656
2010-06-24,21,0.311,2.231
2010-06-24,22,0.493,0.568
2010-06-24,23,1.081,1.142
2010-06-24,24,0.272,1.05
2010-06-25,1,0.227,0.281
2010-06-25,2,0.255,0.281
2010-06-25,3,0.198,0.23
2010-06-25,4,0.178,0.227
2010-06-25,5,0.261,0.393
2010-06-25,6,0.169,0.17
2010-06-25,7,0.231,1.174
2010-06-25,8,0.669,3.101
2010-06-25,9,0.241,0.514
2010-06-25,10,0.197,0.379
2010-06-25,11,0.393,0.762
2010-06-25,12,0.894,1.099
2010-06-25,13,0.477,0.666
2010-06-25,14,0.184,0.261
2010-06-25,15,0.221,0.221
2010-06-25,16,0.208,0.299
2010-06-25,17,0.214,0.29
2010-06-25,18,0.161,1.137
2010-06-25,19,2.9,3.194
2010-06-25,20,0.148,0.181
2010-06-25,21,0.182,0.238
2010-06-25,22,0.228,0.31
2010-06-25,23,0.238,0.291
2010-06-25,24,0.164,0.181
2010-06-26,1,0.886,0.985
2010-06-26,2,0.203,0.203
2010-06-26,3,0.192,0.248
2010-06-26,4,0.264,0.285
2010-06-26,5,0.163,0.264
2010-06-26,6,0.161,0.175
2010-06-26,7,0.359,1.204
2010-06-26,8,1.013,2.997
2010-06-26,9,0.176,0.252
2010-06-26,10,0.243,0.38
2010-06-26,11,0.342,0.472
2010-06-26,12,0.792,1.174
2010-06-26,13,0.257,1.63
2010-06-26,14,0.182,0.186
2010-06-26,15,0.288,0.352
2010-06-26,16,0.239,0.473
2010-06-26,17,0.606,0.72
2010-06-26,18,0.572,1.321
2010-06-26,19,0.172,2.3
2010-06-26,20,0.17,0.379
2010-06-26,21,0.169,0.295
2010-06-26,22,0.187,0.638
2010-06-26,23,1.872,3.502
2010-06-26,24,1.479,1.515
2010-06-27,1,0.734,1.615
2010-06-27,2,0.22,0.424
2010-06-27,3,0.165,0.198
2010-06-27,4,0.232,0.366
2010-06-27,5,0.168,0.256
2010-06-27,6,0.227,0.24
2010-06-27,7,0.184,1.358
2010-06-27,8,0.225,2.962
2010-06-27,9,0.167,0.314
2010-06-27,10,0.27,0.389
2010-06-27,11,0.177,0.67
2010-06-27,12,0.232,0.243
2010-06-27,13,0.243,0.3
2010-06-27,14,0.225,0.252
2010-06-27,15,0.174,0.43
2010-06-27,16,0.43,0.801
2010-06-27,17,0.261,0.471
2010-06-27,18,0.397,1.411
2010-06-27,19,1.578,4.838
2010-06-27,20,0.184,0.446
2010-06-27,21,0.164,1.631
2010-06-27,22,0.996,1.0
2010-06-27,23,0.397,0.679
2010-06-27,24,0.511,1.744
2010-06-28,1,0.283,0.406
2010-06-28,2,0.166,0.37
2010-06-28,3,0.146,0.2
2010-06-28,4,0.316,0.384
2010-06-28,5,0.198,0.208
2010-06-28,6,0.155,0.202
2010-06-28,7,0.232,1.196
2010-06-28,8,1.913,3.018
2010-06-28,9,0.149,0.562
2010-06-28,10,0.242,0.469
2010-06-28,11,0.168,0.264
2010-06-28,12,0.2,0.208
2010-06-28,13,0.302,0.314
2010-06-28,14,0.146,0.2
2010-06-28,15,0.184,0.33
2010-06-28,16,0.183,0.315
2010-06-28,17,0.202,0.258
2010-06-28,18,0.171,1.243
2010-06-28,19,0.374,3.163
2010-06-28,20,0.262,1.643
2010-06-28,21,0.312,2.482
2010-06-28,22,0.293,0.653
2010-06-28,23,0.724,1.497
2010-06-28,24,0.764,0.996
2010-06-29,1,0.315,0.367
2010-06-29,2,0.215,0.257
2010-06-29,3,0.143,0.19
2010-06-29,4,0.268,0.383
2010-06-29,5,0.154,0.192
2010-06-29,6,0.183,0.214
2010-06-29,7,0.208,1.155
2010-06-29,8,0.344,2.748
2010-06-29,9,0.133,0.152
2010-06-29,10,0.255,0.338
2010-06-29,11,0.146,0.179
2010-06-29,12,0.205,0.226
2010-06-29,13,0.175,0.279
2010-06-29,14,0.176,0.84
2010-06-29,15,0.17,0.294
2010-06-29,16,0.292,0.405
2010-06-29,17,0.231,0.232
2010-06-29,18,0.144,0.988
2010-06-29,19,0.695,2.65
2010-06-29,20,0.637,0.972
2010-06-29,21,0.525,0.907
2010-06-29,22,0.261,0.621
2010-06-29,23,0.922,1.282
2010-06-29,24,0.872,0.912
2010-06-30,1,0.322,0.335
2010-06-30,2,0.179,0.29
2010-06-30,3,0.192,0.233
2010-06-30,4,0.153,0.243
2010-06-30,5,0.26,0.318
2010-06-30,6,0.154,0.171
2010-06-30,7,0.152,1.338
2010-06-30,8,0.851,3.206
2010-06-30,9,0.153,0.568
2010-06-30,10,0.454,0.875
2010-06-30,11,1.05,1.139
2010-06-30,12,0.19,0.674
2010-06-30,13,0.227,0.283
2010-06-30,14,0.212,0.295
2010-06-30,15,0.153,0.169
2010-06-30,16,0.305,0.359
2010-06-30,17,0.153,0.195
2010-06-30,18,0.201,1.267
2010-06-30,19,0.285,2.276
2010-06-30,20,0.19,0.247
2010-06-30,21,0.151,0.177
2010-06-30,22,0.203,0.402
2010-06-30,23,0.184,0.271
2010-06-30,24,1.03,1.554
2010-07-01,1,0.829,0.97
2010-07-01,2,0.665,0.689
2010-07-01,3,0.624,0.735
2010-07-01,4,0.652,0.734
2010-07-01,5,0.613,0.731
2010-07-01,6,0.571,0.575
2010-07-01,7,0.693,1.641
2010-07-01,8,0.598,2.728
2010-07-01,9,0.669,1.579
2010-07-01,10,0.335,0.517
2010-07-01,11,0.275,0.29
2010-07-01,12,0.135,0.146
2010-07-01,13,0.301,0.355
2010-07-01,14,0.152,0.172
2010-07-01,15,0.159,0.249
2010-07-01,16,0.246,0.335
2010-07-01,17,0.159,0.242
2010-07-01,18,0.261,1.758
2010-07-01,19,0.398,3.026
2010-07-01,20,0.172,0.313
2010-07-01,21,0.168,0.211
2010-07-01,22,0.25,0.402
2010-07-01,23,0.177,0.658
2010-07-01,24,0.278,1.058
2010-07-02,1,0.278,0.307
2010-07-02,2,0.166,0.252
2010-07-02,3,0.151,0.167
2010-07-02,4,0.267,0.374
2010-07-02,5,0.153,0.154
2010-07-02,6,0.203,0.21
2010-07-02,7,0.255,1.073
2010-07-02,8,0.24,2.797
2010-07-02,9,0.462,0.961
2010-07-02,10,0.323,0.546
2010-07-02,11,0.149,0.202
2010-07-02,12,0.436,0.797
2010-07-02,13,0.322,0.359
2010-07-02,14,0.134,0.257
2010-07-02,15,0.237,0.303
2010-07-02,16,0.24,0.284
2010-07-02,17,0.196,0.367
2010-07-02,18,0.189,1.044
2010-07-02,19,2.127,2.997
2010-07-02,20,0.275,0.495
2010-07-02,21,0.232,1.307
2010-07-02,22,1.837,2.342
2010-07-02,23,0.6,0.732
2010-07-02,24,0.569,0.622
2010-07-03,1,0.574,1.359
2010-07-03,2,0.211,0.273
2010-07-03,3,0.181,0.222
2010-07-03,4,0.261,0.375
2010-07-03,5,0.144,0.166
2010-07-03,6,0.243,0.315
2010-07-03,7,0.275,1.232
2010-07-03,8,0.167,2.949
2010-07-03,9,0.166,0.313
2010-07-03,10,0.554,0.898
2010-07-03,11,0.297,0.308
2010-07-03,12,0.151,0.271
2010-07-03,13,0.191,0.204
2010-07-03,14,0.187,0.281
2010-07-03,15,0.163,0.28
2010-07-03,16,0.143,0.194
2010-07-03,17,0.269,0.32
2010-07-03,18,0.132,1.205
2010-07-03,19,0.147,2.934
2010-07-03,20,0.256,0.348
2010-07-03,21,0.589,2.6
2010-07-03,22,0.552,1.596
2010-07-03,23,0.674,1.267
2010-07-03,24,1.142,1.484
2010-07-04,1,1.177,1.236
2010-07-04,2,0.14,0.484
2010-07-04,3,0.283,0.286
2010-07-04,4,0.244,0.246
2010-07-04,5,0.152,0.168
2010-07-04,6,0.259,0.265
2010-07-04,7,0.247,1.174
2010-07-04,8,0.739,2.949
2010-07-04,9,0.196,0.265
2010-07-04,10,0.227,0.437
2010-07-04,11,0.511,0.639
2010-07-04,12,0.384,0.457
2010-07-04,13,0.171,0.272
2010-07-04,14,0.187,0.23
2010-07-04,15,0.451,0.82
2010-07-04,16,0.249,0.397
2010-07-04,17,0.246,0.588
2010-07-04,18,0.425,1.44
2010-07-04,19,4.648,4.711
2010-07-04,20,0.995,1.642
2010-07-04,21,0.631,1.517
2010-07-04,22,0.569,0.758
2010-07-04,23,1.025,1.245
2010-07-04,24,0.224,0.4
2010-07-05,1,0.174,0.253
2010-07-05,2,0.249,0.321
2010-07-05,3,0.185,0.203
2010-07-05,4,0.154,0.183
2010-07-05,5,0.263,0.394
2010-07-05,6,0.15,0.192
2010-07-05,7,0.212,0.971
2010-07-05,8,2.232,2.981
2010-07-05,9,0.184,0.61
2010-07-05,10,0.207,0.306
2010-07-05,11,0.22,0.276
2010-07-05,12,0.151,0.25
2010-07-05,13,0.123,0.211
2010-07-05,14,0.263,0.284
2010-07-05,15,0.196,0.238
2010-07-05,16,0.151,0.156
2010-07-05,17,0.257,0.313
2010-07-05,18,0.228,1.088
2010-07-05,19,1.552,2.975
2010-07-05,20,0.27,0.284
2010-07-05,21,0.195,0.353
2010-07-05,22,0.339,0.439
2010-07-05,23,0.316,0.51
2010-07-05,24,0.361,1.328
2010-07-06,1,0.302,0.315
2010-07-06,2,0.25,0.352
2010-07-06,3,0.173,0.214
2010-07-06,4,0.153,0.207
2010-07-06,5,0.2,0.344
2010-07-06,6,0.151,0.19
2010-07-06,7,0.198,1.236
2010-07-06,8,0.241,3.05
2010-07-06,9,0.149,0.154
2010-07-06,10,0.496,1.049
2010-07-06,11,0.274,0.367
2010-07-06,12,0.126,0.306
2010-07-06,13,0.154,0.356
2010-07-06,14,0.136,0.266
2010-07-06,15,0.2,0.215
2010-07-06,16,0.138,0.243
2010-07-06,17,0.369,1.575
2010-07-06,18,1.698,1.855
2010-07-06,19,1.627,3.881
2010-07-06,20,0.514,0.743
2010-07-06,21,0.167,0.192
2010-07-06,22,1.16,1.659
2010-07-06,23,1.294,1.994
2010-07-06,24,1.264,1.921
2010-07-07,1,0.794,1.719
2010-07-07,2,0.142,0.151
2010-07-07,3,0.285,0.338
2010-07-07,4,0.144,0.188
2010-07-07,5,0.153,0.282
2010-07-07,6,0.201,0.326
2010-07-07,7,0.252,1.173
2010-07-07,8,0.76,2.981
2010-07-07,9,0.173,0.519
2010-07-07,10,0.281,0.597
2010-07-07,11,0.166,0.167
2010-07-07,12,0.449,0.529
2010-07-07,13,0.314,0.317
2010-07-07,14,0.181,0.366
2010-07-07,15,0.257,0.383
2010-07-07,16,0.134,0.171
2010-07-07,17,0.203,0.225
2010-07-07,18,0.24,1.502
2010-07-07,19,1.977,3.056
2010-07-07,20,0.266,0.326
2010-07-07,21,0.239,0.488
2010-07-07,22,0.234,0.252
2010-07-07,23,0.209,0.283
2010-07-07,24,0.446,0.951
2010-07-08,1,0.681,1.551
2010-07-08,2,0.277,0.387
2010-07-08,3,0.387,0.406
2010-07-08,4,0.277,0.301
2010-07-08,5,0.322,0.331
2010-07-08,6,0.265,0.341
2010-07-08,7,0.271,0.95
2010-07-08,8,2.162,3.006
2010-07-08,9,0.348,0.524
2010-07-08,10,0.535,0.844
2010-07-08,11,0.459,1.287
2010-07-08,12,0.397,2.506
2010-07-08,13,0.31,1.171
2010-07-08,14,0.157,0.349
2010-07-08,15,0.133,0.227
2010-07-08,16,0.243,0.312
2010-07-08,17,0.159,0.243
2010-07-08,18,0.156,0.876
2010-07-08,19,0.271,1.613
2010-07-08,20,0.219,2.215
2010-07-08,21,0.35,0.921
2010-07-08,22,0.796,0.896
2010-07-08,23,0.908,1.511
2010-07-08,24,0.231,0.332
2010-07-09,1,0.182,0.32
2010-07-09,2,0.151,0.338
2010-07-09,3,0.147,0.21
2010-07-09,4,0.215,0.284
2010-07-09,5,0.215,0.232
2010-07-09,6,0.14,0.151
2010-07-09,7,0.298,1.201
2010-07-09,8,1.541,2.893
2010-07-09,9,0.329,0.431
2010-07-09,10,0.253,0.295
2010-07-09,11,0.205,0.541
2010-07-09,12,0.268,0.341
2010-07-09,13,0.213,0.55
2010-07-09,14,0.197,0.212
2010-07-09,15,0.297,0.528
2010-07-09,16,0.15,0.247
2010-07-09,17,0.186,0.389
2010-07-09,18,1.16,1.729
2010-07-09,19,2.556,3.538
2010-07-09,20,0.712,3.2
2010-07-09,21,0.867,2.554
2010-07-09,22,0.856,1.236
2010-07-09,23,1.114,2.65
2010-07-09,24,0.435,1.459
2010-07-10,1,1.312,1.337
2010-07-10,2,0.287,0.484
2010-07-10,3,0.197,0.317
2010-07-10,4,0.205,0.225
2010-07-10,5,0.15,0.257
2010-07-10,6,0.173,0.35
2010-07-10,7,0.146,1.225
2010-07-10,8,1.166,3.108
2010-07-10,9,0.19,0.26
2010-07-10,10,1.0,1.139
2010-07-10,11,0.65,0.792
2010-07-10,12,0.176,0.408
2010-07-10,13,0.267,0.365
2010-07-10,14,0.144,0.148
2010-07-10,15,0.207,0.217
2010-07-10,16,0.235,0.284
2010-07-10,17,0.189,0.21
2010-07-10,18,0.153,1.275
2010-07-10,19,2.783,3.92
2010-07-10,20,0.987,1.859
2010-07-10,21,0.886,1.55
2010-07-10,22,1.031,1.034
2010-07-10,23,0.909,0.962
2010-07-10,24,0.928,1.062
2010-07-11,1,1.041,1.196
2010-07-11,2,0.931,0.933
2010-07-11,3,0.863,0.966
2010-07-11,4,0.895,1.069
2010-07-11,5,0.869,0.904
2010-07-11,6,0.997,1.0
2010-07-11,7,0.911,0.94
2010-07-11,8,0.865,0.925
2010-07-11,9,0.999,1.049
2010-07-11,10,0.86,0.866
2010-07-11,11,0.934,1.034
2010-07-11,12,0.884,0.998
2010-07-11,13,0.177,1.401
2010-07-11,14,0.225,0.343
2010-07-11,15,0.152,0.28
2010-07-11,16,0.137,0.264
2010-07-11,17,0.22,0.342
2010-07-11,18,0.171,0.234
2010-07-11,19,0.162,0.285
2010-07-11,20,0.201,0.306
2010-07-11,21,0.14,0.248
2010-07-11,22,1.536,2.93
2010-07-11,23,0.966,1.465
2010-07-11,24,1.476,1.608
2010-07-12,1,0.431,0.78
2010-07-12,2,0.25,0.318
2010-07-12,3,0.28,0.419
2010-07-12,4,0.174,0.258
2010-07-12,5,0.221,0.233
2010-07-12,6,0.263,0.264
2010-07-12,7,0.216,1.049
2010-07-12,8,0.171,1.747
2010-07-12,9,0.363,0.653
2010-07-12,10,0.296,0.584
2010-07-12,11,0.202,0.278
2010-07-12,12,0.206,0.223
2010-07-12,13,0.145,0.18
2010-07-12,14,0.223,0.37
2010-07-12,15,0.153,0.169
2010-07-12,16,0.198,0.242
2010-07-12,17,0.264,1.189
2010-07-12,18,0.183,2.168
2010-07-12,19,0.13,2.159
2010-07-12,20,4.508,4.958
2010-07-12,21,0.735,4.846
2010-07-12,22,0.346,0.442
2010-07-12,23,0.498,1.448
2010-07-12,24,2.082,2.096
2010-07-13,1,1.09,1.859
2010-07-13,2,0.165,0.265
2010-07-13,3,0.277,0.314
2010-07-13,4,0.192,0.321
2010-07-13,5,0.17,0.251
2010-07-13,6,0.235,0.34
2010-07-13,7,0.251,1.254
2010-07-13,8,2.114,2.975
2010-07-13,9,0.17,0.347
2010-07-13,10,0.291,1.253
2010-07-13,11,0.256,0.436
2010-07-13,12,0.835,0.993
2010-07-13,13,0.645,0.688
2010-07-13,14,0.673,0.712
2010-07-13,15,0.631,0.965
2010-07-13,16,0.962,2.062
2010-07-13,17,0.662,1.536
2010-07-13,18,0.382,3.085
2010-07-13,19,1.299,1.779
2010-07-13,20,0.631,0.637
2010-07-13,21,4.574,6.359
2010-07-13,22,0.665,0.88
2010-07-13,23,1.35,2.84
2010-07-13,24,0.804,1.163
2010-07-14,1,0.283,0.347
2010-07-14,2,0.169,0.273
2010-07-14,3,0.162,0.242
2010-07-14,4,0.23,0.306
2010-07-14,5,0.14,0.286
2010-07-14,6,0.139,0.178
2010-07-14,7,0.381,1.108
2010-07-14,8,0.165,2.424
2010-07-14,9,0.238,0.272
2010-07-14,10,0.299,0.521
2010-07-14,11,0.15,0.241
2010-07-14,12,0.147,0.212
2010-07-14,13,0.191,0.364
2010-07-14,14,0.152,0.179
2010-07-14,15,0.205,0.224
2010-07-14,16,0.224,0.28
2010-07-14,17,0.207,1.127
2010-07-14,18,0.288,2.138
2010-07-14,19,0.179,0.283
2010-07-14,20,0.164,0.244
2010-07-14,21,1.214,2.103
2010-07-14,22,0.168,0.219
2010-07-14,23,0.644,1.73
2010-07-14,24,1.11,1.989
2010-07-15,1,0.403,1.552
2010-07-15,2,0.239,0.342
2010-07-15,3,0.207,0.247
2010-07-15,4,0.27,0.381
2010-07-15,5,0.161,0.271
2010-07-15,6,0.178,0.186
2010-07-15,7,0.326,1.237
2010-07-15,8,0.412,3.038
2010-07-15,9,0.243,0.431
2010-07-15,10,0.325,0.602
2010-07-15,11,0.299,1.17
2010-07-15,12,0.273,0.463
2010-07-15,13,0.184,0.302
2010-07-15,14,0.219,0.228
2010-07-15,15,0.234,0.264
2010-07-15,16,0.171,0.249
2010-07-15,17,0.132,1.238
2010-07-15,18,0.219,2.298
2010-07-15,19,0.397,1.07
2010-07-15,20,1.156,2.863
2010-07-15,21,0.428,1.38
2010-07-15,22,0.482,0.614
2010-07-15,23,1.257,1.404
2010-07-15,24,0.449,1.192
2010-07-16,1,0.177,0.323
2010-07-16,2,0.155,0.322
2010-07-16,3,0.155,0.294
2010-07-16,4,0.169,0.229
2010-07-16,5,0.233,0.286
2010-07-16,6,0.16,0.23
2010-07-16,7,0.157,1.295
2010-07-16,8,0.332,1.688
2010-07-16,9,0.154,0.559
2010-07-16,10,0.985,2.486
2010-07-16,11,1.81,3.018
2010-07-16,12,1.961,3.225
2010-07-16,13,0.367,0.713
2010-07-16,14,0.211,0.29
2010-07-16,15,0.229,0.249
2010-07-16,16,0.188,0.225
2010-07-16,17,0.15,1.295
2010-07-16,18,0.213,2.453
2010-07-16,19,0.14,0.173
2010-07-16,20,0.178,0.24
2010-07-16,21,0.25,0.253
2010-07-16,22,0.736,0.776
2010-07-16,23,1.244,1.292
2010-07-16,24,0.481,1.082
2010-07-17,1,0.28,0.365
2010-07-17,2,0.149,0.21
2010-07-17,3,0.148,0.212
2010-07-17,4,0.278,0.286
2010-07-17,5,0.151,0.245
2010-07-17,6,0.162,0.215
2010-07-17,7,0.232,1.323
2010-07-17,8,0.196,2.982
2010-07-17,9,0.165,0.38
2010-07-17,10,0.272,0.584
2010-07-17,11,0.19,0.242
2010-07-17,12,0.137,0.305
2010-07-17,13,0.333,0.453
2010-07-17,14,0.151,0.161
2010-07-17,15,0.235,0.344
2010-07-17,16,0.283,0.352
2010-07-17,17,0.921,2.144
2010-07-17,18,1.004,3.244
2010-07-17,19,0.256,0.292
2010-07-17,20,0.74,2.553
2010-07-17,21,0.302,0.401
2010-07-17,22,0.532,1.591
2010-07-17,23,1.229,2.295
2010-07-17,24,1.122,1.413
2010-07-18,1,0.328,0.387
2010-07-18,2,0.181,0.262
2010-07-18,3,0.144,0.244
2010-07-18,4,0.273,0.274
2010-07-18,5,0.137,0.243
2010-07-18,6,0.147,0.189
2010-07-18,7,0.226,1.227
2010-07-18,8,1.831,3.011
2010-07-18,9,0.13,0.237
2010-07-18,10,0.32,0.456
2010-07-18,11,0.395,0.593
2010-07-18,12,0.295,0.454
2010-07-18,13,0.26,0.265
2010-07-18,14,0.243,0.285
2010-07-18,15,0.334,0.96
2010-07-18,16,0.774,1.504
2010-07-18,17,0.807,1.784
2010-07-18,18,0.765,2.283
2010-07-18,19,0.206,0.327
2010-07-18,20,0.152,0.152
2010-07-18,21,0.305,0.312
2010-07-18,22,0.179,0.184
2010-07-18,23,0.208,0.251
2010-07-18,24,0.511,0.891
2010-07-19,1,0.181,0.286
2010-07-19,2,0.148,0.22
2010-07-19,3,0.176,0.36
2010-07-19,4,0.15,0.174
2010-07-19,5,0.221,0.234
2010-07-19,6,0.176,0.277
2010-07-19,7,0.225,1.203
2010-07-19,8,0.234,1.783
2010-07-19,9,0.351,0.56
2010-07-19,10,0.279,0.547
2010-07-19,11,0.283,0.285
2010-07-19,12,0.153,0.206
2010-07-19,13,0.152,0.212
2010-07-19,14,0.219,0.344
2010-07-19,15,0.146,0.204
2010-07-19,16,0.128,0.235
2010-07-19,17,0.292,1.416
2010-07-19,18,0.248,1.194
2010-07-19,19,0.13,0.156
2010-07-19,20,0.344,0.356
2010-07-19,21,1.288,1.479
2010-07-19,22,0.625,0.736
2010-07-19,23,0.585,0.699
2010-07-19,24,0.475,0.933
2010-07-20,1,0.199,0.361
2010-07-20,2,0.185,0.284
2010-07-20,3,0.226,0.303
2010-07-20,4,0.151,0.262
2010-07-20,5,0.126,0.201
2010-07-20,6,0.199,0.371
2010-07-20,7,0.143,1.13
2010-07-20,8,0.597,3.056
2010-07-20,9,0.218,0.278
2010-07-20,10,0.142,0.201
2010-07-20,11,0.342,0.49
2010-07-20,12,0.163,0.245
2010-07-20,13,0.164,0.211
2010-07-20,14,0.308,0.309
2010-07-20,15,0.179,0.253
2010-07-20,16,0.291,1.062
2010-07-20,17,0.36,1.568
2010-07-20,18,0.157,2.008
2010-07-20,19,0.149,0.247
2010-07-20,20,0.709,0.869
2010-07-20,21,0.352,0.726
2010-07-20,22,0.359,1.366
2010-07-20,23,0.724,1.842
2010-07-20,24,0.85,1.428
2010-07-21,1,0.231,0.648
2010-07-21,2,0.142,0.156
2010-07-21,3,0.294,0.314
2010-07-21,4,0.141,0.183
2010-07-21,5,0.176,0.225
2010-07-21,6,0.183,0.264
2010-07-21,7,0.276,0.966
2010-07-21,8,1.026,2.919
2010-07-21,9,0.251,0.445
2010-07-21,10,0.55,1.139
2010-07-21,11,0.878,1.426
2010-07-21,12,0.227,0.31
2010-07-21,13,0.173,0.286
2010-07-21,14,0.145,0.204
2010-07-21,15,0.284,0.327
2010-07-21,16,0.159,0.222
2010-07-21,17,0.235,1.036
2010-07-21,18,0.361,1.954
2010-07-21,19,0.143,0.21
2010-07-21,20,0.162,0.258
2010-07-21,21,0.304,0.469
2010-07-21,22,1.491,1.758
2010-07-21,23,0.632,1.142
2010-07-21,24,1.23,1.74
2010-07-22,1,0.441,0.468
2010-07-22,2,0.218,0.263
2010-07-22,3,0.356,0.432
2010-07-22,4,0.159,0.343
2010-07-22,5,0.188,0.22
2010-07-22,6,0.178,0.288
2010-07-22,7,0.276,1.185
2010-07-22,8,0.803,2.951
2010-07-22,9,0.297,1.027
2010-07-22,10,0.259,0.438
2010-07-22,11,0.182,0.272
2010-07-22,12,0.246,0.292
2010-07-22,13,0.142,0.191
2010-07-22,14,0.131,0.233
2010-07-22,15,0.237,0.293
2010-07-22,16,0.156,0.231
2010-07-22,17,0.147,1.279
2010-07-22,18,0.968,3.151
2010-07-22,19,0.14,0.142
2010-07-22,20,0.144,0.227
2010-07-22,21,0.247,0.265
2010-07-22,22,0.152,0.236
2010-07-22,23,0.17,0.224
2010-07-22,24,0.289,0.341
2010-07-23,1,0.173,0.241
2010-07-23,2,0.136,0.161
2010-07-23,3,0.232,0.35
2010-07-23,4,0.134,0.142
2010-07-23,5,0.157,0.224
2010-07-23,6,0.195,0.267
2010-07-23,7,0.167,1.188
2010-07-23,8,0.139,2.378
2010-07-23,9,0.182,0.634
2010-07-23,10,0.322,0.754
2010-07-23,11,0.235,0.759
2010-07-23,12,0.46,0.6
2010-07-23,13,0.172,0.317
2010-07-23,14,0.138,0.142
2010-07-23,15,0.221,0.224
2010-07-23,16,0.184,0.258
2010-07-23,17,0.185,1.195
2010-07-23,18,1.553,2.887
2010-07-23,19,0.158,0.281
2010-07-23,20,0.169,0.197
2010-07-23,21,0.137,0.177
2010-07-23,22,0.235,0.346
2010-07-23,23,2.116,2.299
2010-07-23,24,0.247,1.313
2010-07-24,1,0.195,0.252
2010-07-24,2,0.216,0.35
2010-07-24,3,0.163,0.263
2010-07-24,4,0.184,0.204
2010-07-24,5,0.285,0.318
2010-07-24,6,0.148,0.158
2010-07-24,7,0.207,1.113
2010-07-24,8,1.675,3.072
2010-07-24,9,0.212,0.228
2010-07-24,10,0.143,0.226
2010-07-24,11,0.482,0.552
2010-07-24,12,0.155,0.165
2010-07-24,13,0.235,0.266
2010-07-24,14,0.224,0.295
2010-07-24,15,0.235,0.548
2010-07-24,16,0.308,0.357
2010-07-24,17,0.273,1.131
2010-07-24,18,0.245,2.265
2010-07-24,19,0.222,0.276
2010-07-24,20,0.2,0.247
2010-07-24,21,0.857,2.733
2010-07-24,22,0.597,0.76
2010-07-24,23,0.678,0.759
2010-07-24,24,0.806,1.089
2010-07-25,1,0.195,0.344
2010-07-25,2,0.149,0.295
2010-07-25,3,0.153,0.226
2010-07-25,4,0.162,0.285
2010-07-25,5,0.21,0.271
2010-07-25,6,0.139,0.149
2010-07-25,7,0.221,1.244
2010-07-25,8,0.456,3.054
2010-07-25,9,0.17,0.241
2010-07-25,10,0.24,0.243
2010-07-25,11,0.163,0.373
2010-07-25,12,0.368,1.048
2010-07-25,13,0.148,0.697
2010-07-25,14,0.161,0.659
2010-07-25,15,0.329,0.645
2010-07-25,16,0.492,0.534
2010-07-25,17,1.437,1.642
2010-07-25,18,1.439,4.171
2010-07-25,19,0.335,1.925
2010-07-25,20,0.761,1.848
2010-07-25,21,0.189,0.341
2010-07-25,22,0.496,0.899
2010-07-25,23,0.349,1.398
2010-07-25,24,0.279,0.309
2010-07-26,1,0.173,0.195
2010-07-26,2,0.285,0.33
2010-07-26,3,0.15,0.152
2010-07-26,4,0.234,0.252
2010-07-26,5,0.214,0.266
2010-07-26,6,0.143,0.224
2010-07-26,7,0.13,1.35
2010-07-26,8,1.443,3.061
2010-07-26,9,0.231,0.586
2010-07-26,10,0.192,0.278
2010-07-26,11,0.199,0.226
2010-07-26,12,0.148,0.152
2010-07-26,13,0.29,0.294
2010-07-26,14,0.174,0.212
2010-07-26,15,0.15,0.188
2010-07-26,16,0.245,0.379
2010-07-26,17,0.16,1.16
2010-07-26,18,0.206,2.136
2010-07-26,19,0.256,0.277
2010-07-26,20,0.259,2.576
2010-07-26,21,0.287,0.378
2010-07-26,22,0.329,0.336
2010-07-26,23,0.5,0.747
2010-07-26,24,0.477,1.225
2010-07-27,1,0.271,0.408
2010-07-27,2,0.135,0.185
2010-07-27,3,0.2,0.268
2010-07-27,4,0.201,0.345
2010-07-27,5,0.166,0.256
2010-07-27,6,0.177,0.185
2010-07-27,7,0.295,1.124
2010-07-27,8,0.417,3.054
2010-07-27,9,0.154,0.905
2010-07-27,10,0.249,0.72
2010-07-27,11,0.252,0.38
2010-07-27,12,0.199,0.285
2010-07-27,13,0.215,0.253
2010-07-27,14,0.154,0.172
2010-07-27,15,0.226,0.373
2010-07-27,16,0.156,0.203
2010-07-27,17,0.191,1.11
2010-07-27,18,0.282,1.894
2010-07-27,19,0.228,2.304
2010-07-27,20,0.659,2.882
2010-07-27,21,0.656,0.766
2010-07-27,22,1.081,1.112
2010-07-27,23,1.558,1.634
2010-07-27,24,0.737,1.656
2010-07-28,1,0.236,0.497
2010-07-28,2,0.141,0.287
2010-07-28,3,0.18,0.364
2010-07-28,4,0.139,0.232
2010-07-28,5,0.283,0.295
2010-07-28,6,0.204,0.232
2010-07-28,7,0.214,1.056
2010-07-28,8,1.819,3.092
2010-07-28,9,0.321,0.385
2010-07-28,10,0.138,0.256
2010-07-28,11,0.188,0.324
2010-07-28,12,0.138,0.243
2010-07-28,13,0.189,0.254
2010-07-28,14,0.245,0.264
2010-07-28,15,0.156,0.179
2010-07-28,16,0.197,0.368
2010-07-28,17,0.228,1.198
2010-07-28,18,0.22,1.912
2010-07-28,19,0.244,0.283
2010-07-28,20,0.36,1.362
2010-07-28,21,0.43,1.964
2010-07-28,22,0.88,1.001
2010-07-28,23,1.226,1.471
2010-07-28,24,1.161,1.477
2010-07-29,1,0.631,1.986
2010-07-29,2,0.203,1.486
2010-07-29,3,0.151,0.216
2010-07-29,4,0.25,0.356
2010-07-29,5,0.158,0.306
2010-07-29,6,0.246,0.315
2010-07-29,7,0.177,1.377
2010-07-29,8,0.21,3.235
2010-07-29,9,0.276,0.373
2010-07-29,10,0.673,0.741
2010-07-29,11,0.209,0.592
2010-07-29,12,0.31,0.327
2010-07-29,13,0.22,0.262
2010-07-29,14,0.204,0.257
2010-07-29,15,0.138,0.157
2010-07-29,16,0.313,0.321
2010-07-29,17,0.341,2.164
2010-07-29,18,0.303,2.21
2010-07-29,19,0.361,0.482
2010-07-29,20,0.267,0.524
2010-07-29,21,0.867,1.732
2010-07-29,22,1.681,2.518
2010-07-29,23,1.08,1.095
2010-07-29,24,1.013,1.356
2010-07-30,1,0.518,0.831
2010-07-30,2,0.401,0.46
2010-07-30,3,0.246,0.274
2010-07-30,4,0.213,0.249
2010-07-30,5,0.135,0.174
2010-07-30,6,0.249,0.362
2010-07-30,7,0.149,1.032
2010-07-30,8,0.914,3.12
2010-07-30,9,0.35,0.41
2010-07-30,10,0.865,0.949
2010-07-30,11,1.857,2.072
2010-07-30,12,0.437,0.467
2010-07-30,13,0.199,0.262
2010-07-30,14,0.237,0.433
2010-07-30,15,0.237,0.283
2010-07-30,16,0.229,0.536
2010-07-30,17,0.3,1.202
2010-07-30,18,2.171,3.062
2010-07-30,19,0.198,0.323
2010-07-30,20,0.142,0.169
2010-07-30,21,0.231,0.373
2010-07-30,22,0.144,0.582
2010-07-30,23,0.462,1.251
2010-07-30,24,1.91,2.658
2010-07-31,1,1.976,2.28
2010-07-31,2,0.852,1.961
2010-07-31,3,0.233,0.371
2010-07-31,4,0.242,0.385
2010-07-31,5,0.139,0.226
2010-07-31,6,0.152,0.246
2010-07-31,7,0.295,1.1
2010-07-31,8,2.298,3.092
2010-07-31,9,0.152,0.209
2010-07-31,10,0.24,0.301
2010-07-31,11,0.275,0.444
2010-07-31,12,0.762,0.814
2010-07-31,13,0.182,0.364
2010-07-31,14,0.215,0.217
2010-07-31,15,0.166,0.261
2010-07-31,16,0.176,0.223
2010-07-31,17,0.124,0.252
2010-07-31,18,0.148,0.305
2010-07-31,19,0.125,0.151
2010-07-31,20,0.235,0.314
2010-07-31,21,0.129,0.166
2010-07-31,22,0.213,0.22
2010-07-31,23,0.237,0.328
2010-07-31,24,0.195,0.199
2010-08-01,1,0.183,0.369
2010-08-01,2,0.14,0.219
2010-08-01,3,0.168,0.225
2010-08-01,4,0.222,0.234
2010-08-01,5,0.166,0.191
2010-08-01,6,0.13,0.16
2010-08-01,7,0.174,0.347
2010-08-01,8,0.129,0.132
2010-08-01,9,0.218,0.236
2010-08-01,10,0.146,0.215
2010-08-01,11,0.129,0.212
2010-08-01,12,0.174,0.304
2010-08-01,13,0.134,0.2
2010-08-01,14,0.13,0.2
2010-08-01,15,0.191,0.299
2010-08-01,16,0.135,0.221
2010-08-01,17,0.138,0.228
2010-08-01,18,0.215,0.244
2010-08-01,19,0.113,0.129
2010-08-01,20,0.263,0.299
2010-08-01,21,0.115,0.137
2010-08-01,22,0.228,0.253
2010-08-01,23,0.165,0.275
2010-08-01,24,0.173,0.263
2010-08-02,1,0.173,0.316
2010-08-02,2,0.124,0.243
2010-08-02,3,0.117,0.184
2010-08-02,4,0.167,0.337
2010-08-02,5,0.122,0.203
2010-08-02,6,0.186,0.218
2010-08-02,7,0.202,0.221
2010-08-02,8,0.105,0.166
2010-08-02,9,0.206,0.319
2010-08-02,10,0.116,0.143
2010-08-02,11,0.15,0.29
2010-08-02,12,0.133,0.243
2010-08-02,13,0.175,0.218
2010-08-02,14,0.145,0.269
2010-08-02,15,0.181,0.214
2010-08-02,16,0.116,0.129
2010-08-02,17,0.193,0.355
2010-08-02,18,0.122,0.154
2010-08-02,19,0.226,0.24
2010-08-02,20,0.176,0.179
2010-08-02,21,0.113,0.198
2010-08-02,22,0.259,0.297
2010-08-02,23,0.148,0.208
2010-08-02,24,0.164,0.378
2010-08-03,1,0.129,0.25
2010-08-03,2,0.151,0.232
2010-08-03,3,0.194,0.231
2010-08-03,4,0.174,0.213
2010-08-03,5,0.123,0.195
2010-08-03,6,0.188,0.297
2010-08-03,7,0.111,0.124
2010-08-03,8,0.25,0.3
2010-08-03,9,0.115,0.133
2010-08-03,10,0.149,0.232
2010-08-03,11,0.186,0.254
2010-08-03,12,0.113,0.225
2010-08-03,13,0.13,0.323
2010-08-03,14,0.106,0.248
2010-08-03,15,0.128,0.212
2010-08-03,16,0.161,0.287
2010-08-03,17,0.147,0.228
2010-08-03,18,0.139,0.24
2010-08-03,19,0.201,0.231
2010-08-03,20,0.114,0.131
2010-08-03,21,0.223,0.335
2010-08-03,22,0.148,0.16
2010-08-03,23,0.25,0.31
2010-08-03,24,0.192,0.217
2010-08-04,1,0.156,0.24
2010-08-04,2,0.229,0.26
2010-08-04,3,0.134,0.19
2010-08-04,4,0.134,0.297
2010-08-04,5,0.235,0.235
2010-08-04,6,0.395,0.596
2010-08-04,7,0.227,0.229
2010-08-04,8,0.15,0.208
2010-08-04,9,0.13,0.184
2010-08-04,10,0.189,0.283
2010-08-04,11,0.127,0.128
2010-08-04,12,0.211,0.307
2010-08-04,13,0.123,0.151
2010-08-04,14,0.164,0.22
2010-08-04,15,0.182,0.27
2010-08-04,16,0.135,0.21
2010-08-04,17,0.149,0.306
2010-08-04,18,0.13,0.221
2010-08-04,19,0.131,0.211
2010-08-04,20,0.168,0.291
2010-08-04,21,0.172,0.193
2010-08-04,22,0.153,0.336
2010-08-04,23,0.223,0.323
2010-08-04,24,0.168,0.2
2010-08-05,1,0.24,0.382
2010-08-05,2,0.134,0.135
2010-08-05,3,0.218,0.257
2010-08-05,4,0.155,0.19
2010-08-05,5,0.134,0.203
2010-08-05,6,0.221,0.26
2010-08-05,7,0.132,0.185
2010-08-05,8,0.13,0.219
2010-08-05,9,0.131,0.311
2010-08-05,10,0.127,0.194
2010-08-05,11,0.17,0.266
2010-08-05,12,0.161,0.228
2010-08-05,13,0.134,0.142
2010-08-05,14,0.269,0.28
2010-08-05,15,0.132,0.136
2010-08-05,16,0.179,0.304
2010-08-05,17,0.136,0.186
2010-08-05,18,0.137,0.211
2010-08-05,19,0.215,0.263
2010-08-05,20,0.124,0.19
2010-08-05,21,0.145,0.34
2010-08-05,22,0.151,0.215
2010-08-05,23,0.161,0.265
2010-08-05,24,0.268,0.344
2010-08-06,1,0.185,0.252
2010-08-06,2,0.127,0.263
2010-08-06,3,0.207,0.208
2010-08-06,4,0.109,0.133
2010-08-06,5,0.231,0.338
2010-08-06,6,0.127,0.133
2010-08-06,7,0.236,0.274
2010-08-06,8,0.15,0.169
2010-08-06,9,0.118,0.226
2010-08-06,10,0.219,0.248
2010-08-06,11,0.11,0.204
2010-08-06,12,0.125,0.281
2010-08-06,13,0.106,0.276
2010-08-06,14,0.133,0.236
2010-08-06,15,0.204,0.237
2010-08-06,16,0.175,0.215
2010-08-06,17,0.136,0.158
2010-08-06,18,0.188,0.334
2010-08-06,19,0.113,0.137
2010-08-06,20,0.267,0.281
2010-08-06,21,0.146,0.15
2010-08-06,22,0.17,0.233
2010-08-06,23,0.246,0.298
2010-08-06,24,0.165,0.221
2010-08-07,1,0.158,0.343
2010-08-07,2,0.133,0.219
2010-08-07,3,0.141,0.212
2010-08-07,4,0.204,0.228
2010-08-07,5,0.154,0.196
2010-08-07,6,0.128,0.203
2010-08-07,7,0.181,0.275
2010-08-07,8,0.119,0.132
2010-08-07,9,0.257,0.284
2010-08-07,10,0.115,0.129
2010-08-07,11,0.154,0.227
2010-08-07,12,0.175,0.266
2010-08-07,13,0.137,0.21
2010-08-07,14,0.127,0.342
2010-08-07,15,0.133,0.213
2010-08-07,16,0.126,0.218
2010-08-07,17,0.17,0.272
2010-08-07,18,0.16,0.191
2010-08-07,19,0.162,0.289
2010-08-07,20,0.122,0.233
2010-08-07,21,0.112,0.25
2010-08-07,22,0.219,0.316
2010-08-07,23,0.253,0.265
2010-08-07,24,0.26,0.362
2010-08-08,1,0.179,0.285
2010-08-08,2,0.13,0.221
2010-08-08,3,0.173,0.251
2010-08-08,4,0.129,0.163
2010-08-08,5,0.216,0.301
2010-08-08,6,0.129,0.135
2010-08-08,7,0.206,0.244
2010-08-08,8,0.162,0.186
2010-08-08,9,0.134,0.188
2010-08-08,10,0.234,0.257
2010-08-08,11,0.134,0.175
2010-08-08,12,0.133,0.297
2010-08-08,13,0.13,0.234
2010-08-08,14,0.172,0.182
2010-08-08,15,0.207,0.241
2010-08-08,16,0.151,0.224
2010-08-08,17,0.124,0.319
2010-08-08,18,0.131,0.247
2010-08-08,19,0.122,0.27
2010-08-08,20,0.132,0.278
2010-08-08,21,0.183,0.184
2010-08-08,22,0.527,0.604
2010-08-08,23,0.562,0.662
2010-08-08,24,0.343,0.669
2010-08-09,1,0.341,0.459
2010-08-09,2,0.252,0.272
2010-08-09,3,0.227,0.317
2010-08-09,4,0.111,0.219
2010-08-09,5,0.164,0.264
2010-08-09,6,0.176,0.199
2010-08-09,7,0.134,0.15
2010-08-09,8,0.173,0.323
2010-08-09,9,0.129,0.144
2010-08-09,10,0.245,0.254
2010-08-09,11,0.133,0.192
2010-08-09,12,0.158,0.185
2010-08-09,13,0.229,0.257
2010-08-09,14,0.121,0.145
2010-08-09,15,0.263,0.303
2010-08-09,16,0.137,0.14
2010-08-09,17,0.224,0.268
2010-08-09,18,0.203,0.207
2010-08-09,19,0.178,0.184
2010-08-09,20,0.222,0.283
2010-08-09,21,0.132,0.137
2010-08-09,22,0.632,1.037
2010-08-09,23,0.375,0.511
2010-08-09,24,0.49,0.491
2010-08-10,1,0.206,0.261
2010-08-10,2,0.298,0.456
2010-08-10,3,0.245,0.268
2010-08-10,4,0.131,0.136
2010-08-10,5,0.248,0.291
2010-08-10,6,0.118,0.13
2010-08-10,7,0.213,0.251
2010-08-10,8,0.143,0.199
2010-08-10,9,0.128,0.227
2010-08-10,10,0.198,0.258
2010-08-10,11,0.122,0.192
2010-08-10,12,0.108,0.329
2010-08-10,13,0.129,0.221
2010-08-10,14,0.15,0.207
2010-08-10,15,0.195,0.255
2010-08-10,16,0.143,0.221
2010-08-10,17,0.146,0.329
2010-08-10,18,0.117,0.237
2010-08-10,19,0.138,0.269
2010-08-10,20,0.14,0.272
2010-08-10,21,0.173,0.18
2010-08-10,22,0.384,0.466
2010-08-10,23,0.25,0.262
2010-08-10,24,0.406,0.588
2010-08-11,1,0.227,0.401
2010-08-11,2,0.195,0.26
2010-08-11,3,0.229,0.268
2010-08-11,4,0.196,0.205
2010-08-11,5,0.131,0.243
2010-08-11,6,0.164,0.246
2010-08-11,7,0.128,0.129
2010-08-11,8,0.169,0.345
2010-08-11,9,0.129,0.162
2010-08-11,10,0.183,0.265
2010-08-11,11,0.163,0.206
2010-08-11,12,0.134,0.138
2010-08-11,13,0.209,0.312
2010-08-11,14,0.122,0.132
2010-08-11,15,0.236,0.279
2010-08-11,16,0.144,0.177
2010-08-11,17,0.154,0.197
2010-08-11,18,0.239,0.241
2010-08-11,19,0.128,0.149
2010-08-11,20,0.239,0.282
2010-08-11,21,0.135,0.14
2010-08-11,22,0.251,0.349
2010-08-11,23,0.443,0.49
2010-08-11,24,0.162,0.308
2010-08-12,1,0.287,0.338
2010-08-12,2,0.221,0.225
2010-08-12,3,0.147,0.325
2010-08-12,4,0.131,0.184
2010-08-12,5,0.168,0.185
2010-08-12,6,0.189,0.254
2010-08-12,7,0.134,0.21
2010-08-12,8,0.131,0.305
2010-08-12,9,0.132,0.215
2010-08-12,10,0.135,0.209
2010-08-12,11,0.187,0.255
2010-08-12,12,0.158,0.205
2010-08-12,13,0.125,0.25
2010-08-12,14,0.16,0.255
2010-08-12,15,0.128,0.138
2010-08-12,16,0.172,0.355
2010-08-12,17,0.126,0.187
2010-08-12,18,0.19,0.254
2010-08-12,19,0.156,0.231
2010-08-12,20,0.138,0.139
2010-08-12,21,0.22,0.303
2010-08-12,22,0.147,0.263
2010-08-12,23,0.32,0.323
2010-08-12,24,0.182,0.235
2010-08-13,1,0.189,0.272
2010-08-13,2,0.17,0.264
2010-08-13,3,0.133,0.185
2010-08-13,4,0.162,0.342
2010-08-13,5,0.131,0.153
2010-08-13,6,0.15,0.212
2010-08-13,7,0.143,0.264
2010-08-13,8,0.17,0.17
2010-08-13,9,0.137,0.263
2010-08-13,10,0.136,0.229
2010-08-13,11,0.129,0.172
2010-08-13,12,0.159,0.311
2010-08-13,13,0.133,0.217
2010-08-13,14,0.141,0.272
2010-08-13,15,0.185,0.213
2010-08-13,16,0.119,0.133
2010-08-13,17,0.173,0.359
2010-08-13,18,0.12,0.178
2010-08-13,19,0.21,0.257
2010-08-13,20,0.139,0.229
2010-08-13,21,0.145,0.156
2010-08-13,22,0.299,0.341
2010-08-13,23,0.153,0.285
2010-08-13,24,0.96,1.153
2010-08-14,1,0.658,0.961
2010-08-14,2,0.285,0.503
2010-08-14,3,0.195,0.292
2010-08-14,4,0.132,0.176
2010-08-14,5,0.184,0.324
2010-08-14,6,0.13,0.141
2010-08-14,7,0.156,0.226
2010-08-14,8,0.127,0.256
2010-08-14,9,0.166,0.17
2010-08-14,10,0.156,0.264
2010-08-14,11,0.224,0.239
2010-08-14,12,0.131,0.157
2010-08-14,13,0.156,0.33
2010-08-14,14,0.126,0.195
2010-08-14,15,0.16,0.262
2010-08-14,16,0.171,0.212
2010-08-14,17,0.126,0.127
2010-08-14,18,0.214,0.292
2010-08-14,19,0.125,0.131
2010-08-14,20,0.212,0.259
2010-08-14,21,0.164,0.171
2010-08-14,22,0.159,0.195
2010-08-14,23,0.28,0.299
2010-08-14,24,0.18,0.192
2010-08-15,1,0.172,0.342
2010-08-15,2,0.127,0.179
2010-08-15,3,0.182,0.193
2010-08-15,4,0.199,0.22
2010-08-15,5,0.168,0.174
2010-08-15,6,0.128,0.171
2010-08-15,7,0.142,0.319
2010-08-15,8,0.121,0.135
2010-08-15,9,0.234,0.262
2010-08-15,10,0.118,0.189
2010-08-15,11,0.11,0.177
2010-08-15,12,0.247,0.275
2010-08-15,13,0.111,0.138
2010-08-15,14,0.195,0.287
2010-08-15,15,0.128,0.2
2010-08-15,16,0.131,0.224
2010-08-15,17,0.241,0.272
2010-08-15,18,0.197,0.274
2010-08-15,19,0.199,0.287
2010-08-15,20,0.145,3.654
2010-08-15,21,3.476,4.224
2010-08-15,22,2.345,3.074
2010-08-15,23,1.482,2.164
2010-08-15,24,1.17,1.619
2010-08-16,1,0.179,0.884
2010-08-16,2,0.282,0.356
2010-08-16,3,0.149,0.159
2010-08-16,4,0.256,0.38
2010-08-16,5,0.228,0.249
2010-08-16,6,0.163,0.207
2010-08-16,7,0.227,1.26
2010-08-16,8,0.996,2.939
2010-08-16,9,0.221,0.836
2010-08-16,10,0.312,1.608
2010-08-16,11,0.158,0.241
2010-08-16,12,0.144,0.276
2010-08-16,13,0.148,0.303
2010-08-16,14,0.148,0.223
2010-08-16,15,0.204,0.264
2010-08-16,16,0.204,0.227
2010-08-16,17,0.142,1.098
2010-08-16,18,0.287,2.244
2010-08-16,19,0.143,0.182
2010-08-16,20,0.493,1.863
2010-08-16,21,1.271,1.98
2010-08-16,22,1.535,1.613
2010-08-16,23,1.138,1.671
2010-08-16,24,0.304,0.425
2010-08-17,1,0.177,0.397
2010-08-17,2,0.147,0.181
2010-08-17,3,0.26,0.296
2010-08-17,4,0.15,0.253
2010-08-17,5,0.206,0.212
2010-08-17,6,0.495,0.621
2010-08-17,7,0.242,1.225
2010-08-17,8,0.355,2.805
2010-08-17,9,0.324,0.917
2010-08-17,10,0.335,0.848
2010-08-17,11,0.425,0.896
2010-08-17,12,0.796,0.827
2010-08-17,13,0.541,0.641
2010-08-17,14,0.665,0.704
2010-08-17,15,0.577,0.61
2010-08-17,16,0.537,0.554
2010-08-17,17,0.723,1.794
2010-08-17,18,0.693,3.34
2010-08-17,19,0.536,0.567
2010-08-17,20,0.674,0.691
2010-08-17,21,0.533,0.619
2010-08-17,22,1.195,1.262
2010-08-17,23,0.962,1.076
2010-08-17,24,1.192,1.223
2010-08-18,1,0.439,1.155
2010-08-18,2,0.14,0.214
2010-08-18,3,0.195,0.224
2010-08-18,4,0.172,0.29
2010-08-18,5,0.128,0.326
2010-08-18,6,0.18,0.239
2010-08-18,7,0.193,1.279
2010-08-18,8,0.242,2.47
2010-08-18,9,0.149,0.422
2010-08-18,10,0.248,0.455
2010-08-18,11,0.145,0.148
2010-08-18,12,0.161,0.244
2010-08-18,13,0.263,0.279
2010-08-18,14,0.145,0.202
2010-08-18,15,0.154,0.273
2010-08-18,16,0.189,0.279
2010-08-18,17,0.235,1.155
2010-08-18,18,0.27,1.52
2010-08-18,19,0.169,0.327
2010-08-18,20,0.171,0.358
2010-08-18,21,0.218,0.347
2010-08-18,22,0.419,0.573
2010-08-18,23,0.492,0.638
2010-08-18,24,1.016,1.122
2010-08-19,1,0.33,0.514
2010-08-19,2,0.216,0.284
2010-08-19,3,0.166,0.242
2010-08-19,4,0.15,0.199
2010-08-19,5,0.251,0.377
2010-08-19,6,0.139,0.248
2010-08-19,7,0.15,0.986
2010-08-19,8,0.261,2.072
2010-08-19,9,0.15,0.258
2010-08-19,10,0.21,0.665
2010-08-19,11,0.227,0.26
2010-08-19,12,0.14,0.174
2010-08-19,13,0.182,0.298
2010-08-19,14,0.152,0.276
2010-08-19,15,0.161,0.223
2010-08-19,16,0.151,0.29
2010-08-19,17,0.313,1.141
2010-08-19,18,0.23,1.521
2010-08-19,19,0.145,0.209
2010-08-19,20,0.197,0.37
2010-08-19,21,0.177,0.323
2010-08-19,22,2.021,2.222
2010-08-19,23,1.24,2.634
2010-08-19,24,1.179,1.378
2010-08-20,1,0.627,1.948
2010-08-20,2,0.229,1.122
2010-08-20,3,0.135,0.151
2010-08-20,4,0.246,0.355
2010-08-20,5,0.149,0.22
2010-08-20,6,0.149,0.156
2010-08-20,7,0.332,1.312
2010-08-20,8,0.315,1.878
2010-08-20,9,0.148,0.2
2010-08-20,10,0.379,0.859
2010-08-20,11,0.944,1.366
2010-08-20,12,1.505,1.7
2010-08-20,13,0.294,0.898
2010-08-20,14,0.148,0.164
2010-08-20,15,0.187,0.243
2010-08-20,16,0.269,0.295
2010-08-20,17,0.137,1.388
2010-08-20,18,2.119,3.067
2010-08-20,19,0.199,0.32
2010-08-20,20,0.145,0.185
2010-08-20,21,0.181,0.275
2010-08-20,22,0.695,1.214
2010-08-20,23,1.875,2.545
2010-08-20,24,1.08,1.102
2010-08-21,1,0.482,0.58
2010-08-21,2,0.369,0.517
2010-08-21,3,0.177,0.575
2010-08-21,4,0.172,0.268
2010-08-21,5,0.144,0.283
2010-08-21,6,0.147,0.332
2010-08-21,7,0.152,1.217
2010-08-21,8,1.372,3.037
2010-08-21,9,0.184,0.257
2010-08-21,10,0.402,0.552
2010-08-21,11,0.143,0.493
2010-08-21,12,0.176,0.278
2010-08-21,13,0.162,0.254
2010-08-21,14,0.241,0.3
2010-08-21,15,1.368,1.568
2010-08-21,16,0.196,0.255
2010-08-21,17,0.303,1.292
2010-08-21,18,0.248,2.223
2010-08-21,19,0.164,0.181
2010-08-21,20,0.222,0.372
2010-08-21,21,0.146,0.185
2010-08-21,22,0.923,3.867
2010-08-21,23,2.756,6.071
2010-08-21,24,1.785,2.634
2010-08-22,1,0.662,1.263
2010-08-22,2,0.471,0.492
2010-08-22,3,0.405,0.493
2010-08-22,4,0.162,0.171
2010-08-22,5,0.244,0.358
2010-08-22,6,0.158,0.205
2010-08-22,7,0.222,1.107
2010-08-22,8,2.256,3.088
2010-08-22,9,0.246,0.293
2010-08-22,10,0.154,0.157
2010-08-22,11,0.656,1.588
2010-08-22,12,0.19,0.19
2010-08-22,13,0.513,0.88
2010-08-22,14,0.345,1.017
2010-08-22,15,0.345,0.405
2010-08-22,16,0.349,0.612
2010-08-22,17,0.41,0.88
2010-08-22,18,1.192,2.867
2010-08-22,19,0.267,0.588
2010-08-22,20,1.305,2.661
2010-08-22,21,1.627,3.433
2010-08-22,22,0.924,1.024
2010-08-22,23,0.631,1.458
2010-08-22,24,0.647,1.672
2010-08-23,1,0.245,1.424
2010-08-23,2,0.276,0.34
2010-08-23,3,0.239,0.29
2010-08-23,4,0.142,0.217
2010-08-23,5,0.259,0.371
2010-08-23,6,0.191,0.214
2010-08-23,7,0.245,1.184
2010-08-23,8,2.392,2.992
2010-08-23,9,0.198,0.242
2010-08-23,10,0.45,0.757
2010-08-23,11,0.215,0.261
2010-08-23,12,0.136,0.212
2010-08-23,13,1.046,1.448
2010-08-23,14,0.97,1.061
2010-08-23,15,0.774,1.107
2010-08-23,16,0.598,0.63
2010-08-23,17,0.623,1.844
2010-08-23,18,2.71,3.684
2010-08-23,19,0.628,0.654
2010-08-23,20,1.493,1.794
2010-08-23,21,1.74,2.619
2010-08-23,22,1.269,1.331
2010-08-23,23,1.14,1.2
2010-08-23,24,0.82,1.188
2010-08-24,1,0.366,0.52
2010-08-24,2,0.152,0.164
2010-08-24,3,0.16,0.243
2010-08-24,4,0.245,0.287
2010-08-24,5,0.144,0.234
2010-08-24,6,0.144,0.203
2010-08-24,7,0.312,1.293
2010-08-24,8,2.074,2.932
2010-08-24,9,0.363,0.874
2010-08-24,10,0.229,0.392
2010-08-24,11,1.865,2.778
2010-08-24,12,0.536,2.049
2010-08-24,13,0.178,0.307
2010-08-24,14,0.419,1.491
2010-08-24,15,0.258,0.504
2010-08-24,16,0.191,0.374
2010-08-24,17,0.237,1.394
2010-08-24,18,0.823,3.291
2010-08-24,19,0.157,0.382
2010-08-24,20,0.38,0.422
2010-08-24,21,0.314,0.59
2010-08-24,22,1.325,2.283
2010-08-24,23,1.368,1.614
2010-08-24,24,1.487,1.819
2010-08-25,1,0.539,2.242
2010-08-25,2,0.279,1.464
2010-08-25,3,0.226,0.276
2010-08-25,4,0.138,0.201
2010-08-25,5,0.163,0.344
2010-08-25,6,0.15,0.283
2010-08-25,7,0.195,1.006
2010-08-25,8,0.67,2.997
2010-08-25,9,0.211,0.342
2010-08-25,10,0.146,0.165
2010-08-25,11,0.534,0.703
2010-08-25,12,0.227,1.329
2010-08-25,13,0.64,1.166
2010-08-25,14,0.577,2.951
2010-08-25,15,0.147,0.54
2010-08-25,16,0.159,0.329
2010-08-25,17,0.638,0.715
2010-08-25,18,0.366,1.469
2010-08-25,19,0.274,0.374
2010-08-25,20,0.362,0.396
2010-08-25,21,1.635,1.716
2010-08-25,22,1.032,1.147
2010-08-25,23,0.931,1.929
2010-08-25,24,1.244,1.427
2010-08-26,1,0.208,0.735
2010-08-26,2,0.36,0.429
2010-08-26,3,0.497,0.689
2010-08-26,4,0.324,0.569
2010-08-26,5,0.269,0.433
2010-08-26,6,0.418,0.499
2010-08-26,7,0.529,1.167
2010-08-26,8,0.298,2.952
2010-08-26,9,0.175,0.395
2010-08-26,10,0.492,0.716
2010-08-26,11,0.191,1.664
2010-08-26,12,0.439,0.75
2010-08-26,13,0.252,1.146
2010-08-26,14,0.49,2.603
2010-08-26,15,0.223,0.577
2010-08-26,16,0.245,2.281
2010-08-26,17,3.015,4.099
2010-08-26,18,0.554,1.76
2010-08-26,19,0.225,0.402
2010-08-26,20,0.274,0.489
2010-08-26,21,0.491,2.18
2010-08-26,22,0.991,1.66
2010-08-26,23,0.779,1.484
2010-08-26,24,0.503,0.65
2010-08-27,1,0.235,0.47
2010-08-27,2,0.152,0.234
2010-08-27,3,0.289,0.431
2010-08-27,4,0.273,0.286
2010-08-27,5,0.321,0.398
2010-08-27,6,0.208,0.334
2010-08-27,7,0.176,1.273
2010-08-27,8,1.883,3.058
2010-08-27,9,0.276,0.521
2010-08-27,10,0.169,0.454
2010-08-27,11,0.128,0.216
2010-08-27,12,0.191,0.349
2010-08-27,13,0.131,1.274
2010-08-27,14,2.155,3.129
2010-08-27,15,0.248,0.617
2010-08-27,16,0.147,0.176
2010-08-27,17,0.302,1.565
2010-08-27,18,0.24,0.52
2010-08-27,19,0.288,0.313
2010-08-27,20,0.364,1.439
2010-08-27,21,0.971,1.794
2010-08-27,22,0.8,0.955
2010-08-27,23,1.1,1.103
2010-08-27,24,1.075,1.186
2010-08-28,1,0.578,1.628
2010-08-28,2,0.141,0.176
2010-08-28,3,0.214,0.241
2010-08-28,4,0.162,0.273
2010-08-28,5,0.145,0.221
2010-08-28,6,0.144,0.273
2010-08-28,7,0.301,1.01
2010-08-28,8,1.318,2.957
2010-08-28,9,0.202,0.253
2010-08-28,10,0.211,0.228
2010-08-28,11,0.306,0.514
2010-08-28,12,0.218,0.314
2010-08-28,13,0.24,0.802
2010-08-28,14,0.408,0.491
2010-08-28,15,1.103,1.439
2010-08-28,16,0.388,0.584
2010-08-28,17,0.274,1.123
2010-08-28,18,0.214,2.402
2010-08-28,19,0.27,0.275
2010-08-28,20,0.234,2.036
2010-08-28,21,1.0,1.597
2010-08-28,22,1.222,2.283
2010-08-28,23,1.247,1.859
2010-08-28,24,0.85,1.126
2010-08-29,1,0.269,0.41
2010-08-29,2,0.206,0.321
2010-08-29,3,0.204,0.367
2010-08-29,4,0.149,0.208
2010-08-29,5,0.2,0.22
2010-08-29,6,0.245,0.273
2010-08-29,7,0.149,1.135
2010-08-29,8,0.997,3.008
2010-08-29,9,0.241,0.267
2010-08-29,10,0.229,0.266
2010-08-29,11,0.443,1.061
2010-08-29,12,0.42,1.229
2010-08-29,13,0.145,0.25
2010-08-29,14,0.221,0.328
2010-08-29,15,0.672,1.345
2010-08-29,16,0.181,0.297
2010-08-29,17,0.271,1.213
2010-08-29,18,2.329,3.012
2010-08-29,19,0.165,0.257
2010-08-29,20,0.169,0.281
2010-08-29,21,0.889,3.48
2010-08-29,22,1.134,1.418
2010-08-29,23,1.172,1.85
2010-08-29,24,0.272,1.971
2010-08-30,1,0.243,0.287
2010-08-30,2,0.2,0.294
2010-08-30,3,0.179,0.215
2010-08-30,4,0.147,0.341
2010-08-30,5,0.146,0.367
2010-08-30,6,0.145,0.204
2010-08-30,7,0.164,1.328
2010-08-30,8,1.519,2.956
2010-08-30,9,0.144,0.294
2010-08-30,10,0.596,0.615
2010-08-30,11,0.432,0.575
2010-08-30,12,0.183,0.37
2010-08-30,13,0.169,0.375
2010-08-30,14,0.149,0.316
2010-08-30,15,0.184,0.218
2010-08-30,16,0.26,0.287
2010-08-30,17,0.182,1.284
2010-08-30,18,2.023,3.019
2010-08-30,19,0.224,0.488
2010-08-30,20,1.654,1.798
2010-08-30,21,0.502,1.06
2010-08-30,22,0.667,1.184
2010-08-30,23,1.356,1.483
2010-08-30,24,1.263,1.269
2010-08-31,1,0.24,0.422
2010-08-31,2,0.144,0.226
2010-08-31,3,0.212,0.312
2010-08-31,4,0.144,0.145
2010-08-31,5,0.167,0.317
2010-08-31,6,0.144,0.25
2010-08-31,7,0.176,1.111
2010-08-31,8,2.19,3.076
2010-08-31,9,0.332,1.713
2010-08-31,10,0.142,0.243
2010-08-31,11,0.145,0.579
2010-08-31,12,2.382,2.501
2010-08-31,13,0.746,0.862
2010-08-31,14,0.214,0.246
2010-08-31,15,0.193,0.225
2010-08-31,16,0.163,0.206
2010-08-31,17,0.169,1.302
2010-08-31,18,1.973,3.188
2010-08-31,19,0.234,0.265
2010-08-31,20,0.304,2.276
2010-08-31,21,1.006,1.168
2010-08-31,22,1.131,1.243
2010-08-31,23,1.104,1.148
2010-08-31,24,1.34,2.412
2010-09-01,1,0.375,1.274
2010-09-01,2,0.146,0.16
2010-09-01,3,0.138,0.234
2010-09-01,4,0.277,0.297
2010-09-01,5,0.133,0.179
2010-09-01,6,0.172,0.227
2010-09-01,7,0.28,1.08
2010-09-01,8,1.068,3.056
2010-09-01,9,0.146,0.234
2010-09-01,10,0.307,0.409
2010-09-01,11,0.328,0.79
2010-09-01,12,0.598,0.777
2010-09-01,13,0.675,1.556
2010-09-01,14,0.936,1.701
2010-09-01,15,0.641,1.041
2010-09-01,16,0.625,0.658
2010-09-01,17,0.672,1.621
2010-09-01,18,0.699,3.441
2010-09-01,19,0.651,0.854
2010-09-01,20,0.706,1.618
2010-09-01,21,1.208,1.684
2010-09-01,22,0.592,1.285
2010-09-01,23,1.222,1.607
2010-09-01,24,1.384,2.084
2010-09-02,1,0.387,0.678
2010-09-02,2,0.158,0.197
2010-09-02,3,0.168,0.266
2010-09-02,4,0.188,0.285
2010-09-02,5,0.172,0.244
2010-09-02,6,0.16,0.207
2010-09-02,7,0.401,1.342
2010-09-02,8,1.516,2.961
2010-09-02,9,0.176,0.441
2010-09-02,10,0.796,1.097
2010-09-02,11,0.871,1.604
2010-09-02,12,0.39,0.586
2010-09-02,13,0.272,0.351
2010-09-02,14,0.146,0.17
2010-09-02,15,0.492,0.496
2010-09-02,16,0.147,0.167
2010-09-02,17,0.222,1.449
2010-09-02,18,1.976,3.021
2010-09-02,19,0.149,0.206
2010-09-02,20,0.188,0.445
2010-09-02,21,0.613,3.957
2010-09-02,22,0.945,1.09
2010-09-02,23,0.988,1.46
2010-09-02,24,0.711,0.832
2010-09-03,1,0.218,0.262
2010-09-03,2,0.144,0.36
2010-09-03,3,0.131,0.206
2010-09-03,4,0.181,0.249
2010-09-03,5,0.227,0.307
2010-09-03,6,0.144,0.145
2010-09-03,7,0.167,1.244
2010-09-03,8,1.829,2.938
2010-09-03,9,0.391,0.731
2010-09-03,10,0.272,0.384
2010-09-03,11,0.469,0.835
2010-09-03,12,0.734,1.046
2010-09-03,13,1.094,1.316
2010-09-03,14,0.265,0.285
2010-09-03,15,0.174,0.308
2010-09-03,16,0.605,1.458
2010-09-03,17,0.892,2.112
2010-09-03,18,2.036,3.109
2010-09-03,19,0.25,1.512
2010-09-03,20,1.361,1.58
2010-09-03,21,1.521,1.554
2010-09-03,22,1.259,1.499
2010-09-03,23,1.291,1.481
2010-09-03,24,1.124,1.251
2010-09-04,1,0.243,1.075
2010-09-04,2,0.169,0.313
2010-09-04,3,0.135,0.339
2010-09-04,4,0.139,0.211
2010-09-04,5,0.199,0.267
2010-09-04,6,0.233,0.277
2010-09-04,7,0.157,1.068
2010-09-04,8,2.308,3.075
2010-09-04,9,0.204,0.278
2010-09-04,10,0.174,0.224
2010-09-04,11,0.158,0.655
2010-09-04,12,0.489,0.942
2010-09-04,13,0.147,0.222
2010-09-04,14,0.251,0.291
2010-09-04,15,0.388,1.579
2010-09-04,16,0.185,0.517
2010-09-04,17,0.344,1.406
2010-09-04,18,1.216,2.842
2010-09-04,19,0.265,0.306
2010-09-04,20,1.072,1.884
2010-09-04,21,0.284,0.467
2010-09-04,22,0.692,1.729
2010-09-04,23,1.374,1.419
2010-09-04,24,0.892,2.207
2010-09-05,1,0.786,1.78
2010-09-05,2,0.151,0.489
2010-09-05,3,0.211,0.264
2010-09-05,4,0.158,0.264
2010-09-05,5,0.153,0.246
2010-09-05,6,0.187,0.336
2010-09-05,7,0.268,1.162
2010-09-05,8,1.634,2.895
2010-09-05,9,0.256,0.269
2010-09-05,10,0.218,0.295
2010-09-05,11,0.149,0.593
2010-09-05,12,0.226,0.712
2010-09-05,13,0.318,0.73
2010-09-05,14,0.374,1.394
2010-09-05,15,0.337,0.753
2010-09-05,16,0.652,0.701
2010-09-05,17,0.301,1.166
2010-09-05,18,0.94,2.28
2010-09-05,19,0.177,0.282
2010-09-05,20,0.163,0.29
2010-09-05,21,0.229,0.397
2010-09-05,22,0.419,0.673
2010-09-05,23,0.673,0.684
2010-09-05,24,0.541,0.848
2010-09-06,1,0.178,0.228
2010-09-06,2,0.285,0.317
2010-09-06,3,0.145,0.168
2010-09-06,4,0.137,0.22
2010-09-06,5,0.245,0.319
2010-09-06,6,0.127,0.187
2010-09-06,7,0.157,1.223
2010-09-06,8,1.916,3.022
2010-09-06,9,0.296,0.702
2010-09-06,10,0.128,0.328
2010-09-06,11,0.586,0.607
2010-09-06,12,0.378,0.454
2010-09-06,13,0.369,0.693
2010-09-06,14,0.278,0.492
2010-09-06,15,0.29,0.507
2010-09-06,16,0.232,0.358
2010-09-06,17,0.19,1.226
2010-09-06,18,1.903,3.083
2010-09-06,19,0.385,1.153
2010-09-06,20,0.303,0.664
2010-09-06,21,0.855,1.002
2010-09-06,22,0.948,0.976
2010-09-06,23,1.091,1.18
2010-09-06,24,1.234,1.64
2010-09-07,1,0.473,1.538
2010-09-07,2,0.186,0.231
2010-09-07,3,0.154,0.175
2010-09-07,4,0.268,0.344
2010-09-07,5,0.154,0.155
2010-09-07,6,0.195,0.201
2010-09-07,7,0.235,1.072
2010-09-07,8,2.28,3.054
2010-09-07,9,0.192,0.416
2010-09-07,10,0.677,0.835
2010-09-07,11,0.553,0.559
2010-09-07,12,1.004,1.015
2010-09-07,13,0.274,0.351
2010-09-07,14,0.161,0.234
2010-09-07,15,0.148,0.21
2010-09-07,16,0.281,0.396
2010-09-07,17,0.185,1.379
2010-09-07,18,2.082,2.927
2010-09-07,19,0.293,0.408
2010-09-07,20,0.213,0.269
2010-09-07,21,0.482,0.901
2010-09-07,22,1.624,2.915
2010-09-07,23,1.08,1.531
2010-09-07,24,1.191,1.464
2010-09-08,1,0.218,0.645
2010-09-08,2,0.149,0.162
2010-09-08,3,0.271,0.323
2010-09-08,4,0.152,0.169
2010-09-08,5,0.136,0.245
2010-09-08,6,0.163,0.311
2010-09-08,7,0.283,1.162
2010-09-08,8,2.137,2.92
2010-09-08,9,0.322,0.586
2010-09-08,10,0.204,0.255
2010-09-08,11,0.145,0.215
2010-09-08,12,0.16,0.258
2010-09-08,13,0.219,0.372
2010-09-08,14,0.236,0.523
2010-09-08,15,0.204,0.221
2010-09-08,16,0.225,0.367
2010-09-08,17,0.162,1.314
2010-09-08,18,0.269,2.423
2010-09-08,19,0.24,0.247
2010-09-08,20,0.179,0.219
2010-09-08,21,0.184,0.679
2010-09-08,22,1.264,2.884
2010-09-08,23,1.594,1.687
2010-09-08,24,1.353,1.44
2010-09-09,1,0.218,0.282
2010-09-09,2,0.157,0.189
2010-09-09,3,0.266,0.339
2010-09-09,4,0.14,0.173
2010-09-09,5,0.148,0.219
2010-09-09,6,0.203,0.342
2010-09-09,7,0.192,1.143
2010-09-09,8,0.998,2.884
2010-09-09,9,0.169,0.481
2010-09-09,10,0.251,0.507
2010-09-09,11,0.153,0.705
2010-09-09,12,0.319,0.454
2010-09-09,13,0.154,0.22
2010-09-09,14,1.16,2.687
2010-09-09,15,0.656,0.772
2010-09-09,16,0.557,0.727
2010-09-09,17,0.559,1.518
2010-09-09,18,0.328,1.901
2010-09-09,19,0.442,0.463
2010-09-09,20,0.415,1.206
2010-09-09,21,1.699,2.541
2010-09-09,22,0.997,1.061
2010-09-09,23,0.414,0.855
2010-09-09,24,0.548,1.044
2010-09-10,1,0.189,0.346
2010-09-10,2,0.184,0.26
2010-09-10,3,0.175,0.276
2010-09-10,4,0.178,0.204
2010-09-10,5,0.146,0.166
2010-09-10,6,0.198,0.368
2010-09-10,7,0.146,0.954
2010-09-10,8,0.608,3.004
2010-09-10,9,0.636,0.749
2010-09-10,10,0.942,1.354
2010-09-10,11,1.118,1.284
2010-09-10,12,0.529,1.196
2010-09-10,13,0.261,0.508
2010-09-10,14,0.168,0.403
2010-09-10,15,0.239,0.343
2010-09-10,16,0.18,0.222
2010-09-10,17,0.241,1.142
2010-09-10,18,2.198,3.133
2010-09-10,19,0.188,0.265
2010-09-10,20,0.724,1.042
2010-09-10,21,0.491,0.562
2010-09-10,22,1.229,3.966
2010-09-10,23,1.12,1.176
2010-09-10,24,1.433,1.852
2010-09-11,1,1.095,1.139
2010-09-11,2,0.245,0.306
2010-09-11,3,0.279,0.28
2010-09-11,4,0.144,0.242
2010-09-11,5,0.148,0.15
2010-09-11,6,0.271,0.312
2010-09-11,7,0.156,1.103
2010-09-11,8,2.136,3.019
2010-09-11,9,0.502,0.551
2010-09-11,10,0.134,0.701
2010-09-11,11,0.162,0.278
2010-09-11,12,0.331,0.375
2010-09-11,13,0.199,0.871
2010-09-11,14,0.776,0.91
2010-09-11,15,0.213,0.472
2010-09-11,16,0.169,0.258
2010-09-11,17,0.216,1.006
2010-09-11,18,0.222,1.594
2010-09-11,19,0.159,0.231
2010-09-11,20,0.204,2.559
2010-09-11,21,2.277,5.159
2010-09-11,22,1.193,1.29
2010-09-11,23,1.399,1.507
2010-09-11,24,0.703,1.68
2010-09-12,1,0.436,0.705
2010-09-12,2,0.321,0.393
2010-09-12,3,0.264,0.297
2010-09-12,4,0.275,0.297
2010-09-12,5,0.21,0.38
2010-09-12,6,0.15,0.19
2010-09-12,7,0.234,0.973
2010-09-12,8,0.168,1.707
2010-09-12,9,0.169,0.25
2010-09-12,10,1.496,2.207
2010-09-12,11,0.996,1.191
2010-09-12,12,0.555,0.594
2010-09-12,13,0.859,1.136
2010-09-12,14,0.576,0.587
2010-09-12,15,0.689,1.568
2010-09-12,16,0.577,1.969
2010-09-12,17,0.819,1.35
2010-09-12,18,2.194,2.458
2010-09-12,19,1.123,1.889
2010-09-12,20,0.462,0.986
2010-09-12,21,0.729,0.992
2010-09-12,22,0.686,0.788
2010-09-12,23,0.723,0.811
2010-09-12,24,0.339,1.159
2010-09-13,1,0.275,0.414
2010-09-13,2,0.169,0.223
2010-09-13,3,0.42,0.453
2010-09-13,4,0.35,0.374
2010-09-13,5,0.313,0.315
2010-09-13,6,0.232,0.356
2010-09-13,7,0.182,0.771
2010-09-13,8,0.614,2.275
2010-09-13,9,0.163,0.901
2010-09-13,10,0.495,0.794
2010-09-13,11,1.736,2.074
2010-09-13,12,0.603,0.84
2010-09-13,13,0.435,0.708
2010-09-13,14,0.234,0.242
2010-09-13,15,0.173,0.334
2010-09-13,16,0.166,1.202
2010-09-13,17,2.885,2.893
2010-09-13,18,0.309,2.172
2010-09-13,19,0.227,0.237
2010-09-13,20,0.428,2.243
2010-09-13,21,1.034,1.481
2010-09-13,22,0.798,1.149
2010-09-13,23,0.424,0.471
2010-09-13,24,0.929,1.351
2010-09-14,1,0.942,1.98
2010-09-14,2,0.151,1.466
2010-09-14,3,0.15,0.3
2010-09-14,4,0.154,0.285
2010-09-14,5,0.162,0.231
2010-09-14,6,0.144,0.182
2010-09-14,7,0.303,1.141
2010-09-14,8,2.238,2.942
2010-09-14,9,0.214,0.269
2010-09-14,10,0.143,0.248
2010-09-14,11,0.149,0.235
2010-09-14,12,0.424,0.496
2010-09-14,13,0.51,0.66
2010-09-14,14,0.193,0.423
2010-09-14,15,0.242,0.336
2010-09-14,16,0.157,1.343
2010-09-14,17,2.353,3.018
2010-09-14,18,0.59,0.782
2010-09-14,19,0.193,0.235
2010-09-14,20,0.243,0.643
2010-09-14,21,0.929,1.096
2010-09-14,22,0.969,1.45
2010-09-14,23,1.356,2.086
2010-09-14,24,1.012,1.114
2010-09-15,1,0.367,0.983
2010-09-15,2,0.156,0.451
2010-09-15,3,0.196,0.26
2010-09-15,4,0.179,0.346
2010-09-15,5,0.17,0.187
2010-09-15,6,0.203,0.215
2010-09-15,7,0.26,1.292
2010-09-15,8,0.382,2.919
2010-09-15,9,0.221,0.25
2010-09-15,10,0.212,0.755
2010-09-15,11,0.146,0.247
2010-09-15,12,0.995,1.087
2010-09-15,13,0.462,0.541
2010-09-15,14,0.138,0.171
2010-09-15,15,0.206,0.21
2010-09-15,16,0.149,1.606
2010-09-15,17,0.909,3.586
2010-09-15,18,0.575,0.823
2010-09-15,19,0.637,0.763
2010-09-15,20,0.706,0.728
2010-09-15,21,0.771,0.955
2010-09-15,22,2.653,3.235
2010-09-15,23,1.737,1.822
2010-09-15,24,0.234,0.649
2010-09-16,1,0.327,0.337
2010-09-16,2,0.187,0.262
2010-09-16,3,0.155,0.167
2010-09-16,4,0.275,0.378
2010-09-16,5,0.179,0.189
2010-09-16,6,0.196,0.212
2010-09-16,7,0.201,1.227
2010-09-16,8,2.256,3.508
2010-09-16,9,0.152,0.16
2010-09-16,10,0.253,0.285
2010-09-16,11,0.179,0.245
2010-09-16,12,0.144,0.559
2010-09-16,13,0.146,0.332
2010-09-16,14,0.15,0.255
2010-09-16,15,0.146,0.211
2010-09-16,16,0.178,1.18
2010-09-16,17,0.307,2.48
2010-09-16,18,0.149,0.154
2010-09-16,19,0.199,0.306
2010-09-16,20,0.498,1.067
2010-09-16,21,0.552,0.994
2010-09-16,22,1.279,1.303
2010-09-16,23,1.433,1.675
2010-09-16,24,0.52,1.468
2010-09-17,1,0.175,0.248
2010-09-17,2,0.294,0.296
2010-09-17,3,0.152,0.165
2010-09-17,4,0.19,0.28
2010-09-17,5,0.214,0.272
2010-09-17,6,0.233,0.259
2010-09-17,7,0.243,1.121
2010-09-17,8,0.861,3.161
2010-09-17,9,0.139,0.146
2010-09-17,10,0.524,0.73
2010-09-17,11,0.363,0.921
2010-09-17,12,0.46,0.463
2010-09-17,13,0.156,0.374
2010-09-17,14,0.293,1.572
2010-09-17,15,0.219,0.496
2010-09-17,16,2.854,2.922
2010-09-17,17,0.325,1.578
2010-09-17,18,0.163,0.293
2010-09-17,19,0.158,0.231
2010-09-17,20,0.176,0.321
2010-09-17,21,0.603,1.363
2010-09-17,22,0.966,1.3
2010-09-17,23,0.907,0.951
2010-09-17,24,0.184,0.239
2010-09-18,1,0.287,0.35
2010-09-18,2,0.134,0.206
2010-09-18,3,0.165,0.23
2010-09-18,4,0.192,0.265
2010-09-18,5,0.153,0.239
2010-09-18,6,0.166,0.189
2010-09-18,7,1.124,3.024
2010-09-18,8,0.15,0.177
2010-09-18,9,0.22,0.283
2010-09-18,10,0.288,0.645
2010-09-18,11,0.142,0.218
2010-09-18,12,0.284,0.402
2010-09-18,13,0.225,0.3
2010-09-18,14,0.235,0.257
2010-09-18,15,0.16,0.197
2010-09-18,16,1.101,4.527
2010-09-18,17,0.144,0.252
2010-09-18,18,0.166,0.218
2010-09-18,19,0.15,0.294
2010-09-18,20,0.471,3.277
2010-09-18,21,1.835,2.939
2010-09-18,22,0.533,1.193
2010-09-18,23,0.673,1.215
2010-09-18,24,0.833,1.038
2010-09-19,1,0.244,0.35
2010-09-19,2,0.147,0.149
2010-09-19,3,0.214,0.268
2010-09-19,4,0.147,0.252
2010-09-19,5,0.159,0.236
2010-09-19,6,0.136,0.195
2010-09-19,7,1.755,3.119
2010-09-19,8,0.144,0.182
2010-09-19,9,0.319,0.354
2010-09-19,10,0.716,0.748
2010-09-19,11,0.656,1.259
2010-09-19,12,0.539,0.575
2010-09-19,13,0.761,0.761
2010-09-19,14,0.674,0.852
2010-09-19,15,0.998,1.599
2010-09-19,16,1.513,3.705
2010-09-19,17,1.01,1.856
2010-09-19,18,2.506,3.938
2010-09-19,19,0.884,1.984
2010-09-19,20,0.807,0.898
2010-09-19,21,1.31,1.524
2010-09-19,22,1.418,1.563
2010-09-19,23,0.803,1.11
2010-09-19,24,0.978,1.467
2010-09-20,1,0.232,0.284
2010-09-20,2,0.184,0.223
2010-09-20,3,0.26,0.264
2010-09-20,4,0.15,0.193
2010-09-20,5,0.131,0.249
2010-09-20,6,0.211,0.306
2010-09-20,7,0.243,1.654
2010-09-20,8,0.143,0.15
2010-09-20,9,0.259,1.13
2010-09-20,10,1.992,2.099
2010-09-20,11,0.63,2.319
2010-09-20,12,0.542,0.554
2010-09-20,13,0.188,0.305
2010-09-20,14,0.135,0.152
2010-09-20,15,0.265,0.3
2010-09-20,16,0.199,0.212
2010-09-20,17,0.319,1.345
2010-09-20,18,0.378,0.742
2010-09-20,19,0.26,0.271
2010-09-20,20,0.354,0.513
2010-09-20,21,0.754,1.044
2010-09-20,22,1.098,1.106
2010-09-20,23,0.99,1.084
2010-09-20,24,1.168,1.347
2010-09-21,1,0.296,0.468
2010-09-21,2,0.14,0.226
2010-09-21,3,0.131,0.224
2010-09-21,4,0.215,0.325
2010-09-21,5,0.125,0.245
2010-09-21,6,0.146,0.157
2010-09-21,7,0.289,0.327
2010-09-21,8,0.224,2.091
2010-09-21,9,2.903,2.922
2010-09-21,10,0.86,1.255
2010-09-21,11,0.579,0.705
2010-09-21,12,0.346,0.398
2010-09-21,13,0.285,0.294
2010-09-21,14,0.218,0.447
2010-09-21,15,0.155,0.234
2010-09-21,16,0.383,0.424
2010-09-21,17,0.21,1.902
2010-09-21,18,2.876,2.906
2010-09-21,19,0.309,0.728
2010-09-21,20,0.408,0.488
2010-09-21,21,0.896,1.444
2010-09-21,22,1.682,1.886
2010-09-21,23,1.343,1.358
2010-09-21,24,1.437,1.751
2010-09-22,1,0.223,0.566
2010-09-22,2,0.148,0.244
2010-09-22,3,0.179,0.357
2010-09-22,4,0.144,0.226
2010-09-22,5,0.186,0.215
2010-09-22,6,0.259,0.313
2010-09-22,7,0.146,0.151
2010-09-22,8,0.228,2.028
2010-09-22,9,1.518,3.2
2010-09-22,10,0.171,0.259
2010-09-22,11,0.149,0.269
2010-09-22,12,0.155,0.343
2010-09-22,13,0.134,0.224
2010-09-22,14,0.184,0.21
2010-09-22,15,0.251,0.287
2010-09-22,16,0.149,0.156
2010-09-22,17,0.21,2.212
2010-09-22,18,0.545,0.77
2010-09-22,19,0.224,0.328
2010-09-22,20,0.966,1.655
2010-09-22,21,0.877,3.687
2010-09-22,22,1.722,1.984
2010-09-22,23,2.085,2.094
2010-09-22,24,1.256,1.443
2010-09-23,1,1.013,1.461
2010-09-23,2,0.376,1.581
2010-09-23,3,0.152,0.154
2010-09-23,4,0.214,0.214
2010-09-23,5,0.192,0.264
2010-09-23,6,0.172,0.223
2010-09-23,7,0.135,0.136
2010-09-23,8,0.414,2.144
2010-09-23,9,0.298,2.136
2010-09-23,10,0.818,1.24
2010-09-23,11,0.423,1.094
2010-09-23,12,0.911,3.917
2010-09-23,13,0.319,1.614
2010-09-23,14,0.9,2.574
2010-09-23,15,0.373,0.445
2010-09-23,16,0.604,0.776
2010-09-23,17,1.25,2.629
2010-09-23,18,1.403,3.071
2010-09-23,19,0.971,1.436
2010-09-23,20,0.642,1.326
2010-09-23,21,0.154,1.405
2010-09-23,22,0.213,0.311
2010-09-23,23,0.184,0.355
2010-09-23,24,0.143,0.202
2010-09-24,1,0.234,0.31
2010-09-24,2,0.129,0.172
2010-09-24,3,0.121,0.159
2010-09-24,4,0.245,0.263
2010-09-24,5,0.121,0.143
2010-09-24,6,0.12,0.197
2010-09-24,7,0.184,0.258
2010-09-24,8,0.117,0.203
2010-09-24,9,0.119,0.124
2010-09-24,10,0.265,2.389
2010-09-24,11,2.308,3.186
2010-09-24,12,1.021,3.037
2010-09-24,13,1.058,1.06
2010-09-24,14,0.402,1.019
2010-09-24,15,0.121,0.122
2010-09-24,16,0.202,0.206
2010-09-24,17,0.136,0.244
2010-09-24,18,0.126,0.214
2010-09-24,19,0.12,0.209
2010-09-24,20,0.13,0.327
2010-09-24,21,0.194,0.216
2010-09-24,22,0.251,0.308
2010-09-24,23,0.27,0.371
2010-09-24,24,0.235,0.352
2010-09-25,1,0.313,0.422
2010-09-25,2,0.37,0.476
2010-09-25,3,0.294,0.334
2010-09-25,4,0.205,0.222
2010-09-25,5,0.251,0.416
2010-09-25,6,0.262,0.432
2010-09-25,7,0.129,0.179
2010-09-25,8,0.135,0.345
2010-09-25,9,0.097,0.116
2010-09-25,10,0.104,0.206
2010-09-25,11,0.186,0.219
2010-09-25,12,0.118,0.196
2010-09-25,13,0.107,0.113
2010-09-25,14,0.206,0.257
2010-09-25,15,0.12,0.159
2010-09-25,16,0.116,0.195
2010-09-25,17,0.107,0.271
2010-09-25,18,0.114,0.235
2010-09-25,19,0.092,0.177
2010-09-25,20,0.161,0.224
2010-09-25,21,0.207,0.215
2010-09-25,22,0.128,0.189
2010-09-25,23,0.149,0.303
2010-09-25,24,0.149,0.257
2010-09-26,1,0.149,0.191
2010-09-26,2,0.15,0.156
2010-09-26,3,0.19,0.229
2010-09-26,4,0.1,0.158
2010-09-26,5,0.113,0.176
2010-09-26,6,0.207,0.231
2010-09-26,7,0.116,0.152
2010-09-26,8,0.115,0.166
2010-09-26,9,0.095,0.279
2010-09-26,10,0.094,0.233
2010-09-26,11,0.111,0.151
2010-09-26,12,0.112,0.158
2010-09-26,13,0.174,0.242
2010-09-26,14,0.11,0.179
2010-09-26,15,0.097,0.144
2010-09-26,16,0.224,0.231
2010-09-26,17,0.124,0.147
2010-09-26,18,0.114,0.168
2010-09-26,19,0.1,0.23
2010-09-26,20,0.112,0.275
2010-09-26,21,0.138,0.198
2010-09-26,22,0.14,0.184
2010-09-26,23,0.251,0.263
2010-09-26,24,0.146,0.187
2010-09-27,1,0.13,0.188
2010-09-27,2,0.186,0.261
2010-09-27,3,0.156,0.166
2010-09-27,4,0.116,0.15
2010-09-27,5,0.116,0.167
2010-09-27,6,0.144,0.296
2010-09-27,7,0.094,0.204
2010-09-27,8,0.093,0.161
2010-09-27,9,0.14,0.3
2010-09-27,10,0.113,0.166
2010-09-27,11,0.105,0.151
2010-09-27,12,0.127,0.164
2010-09-27,13,0.185,0.237
2010-09-27,14,0.113,0.142
2010-09-27,15,0.112,0.149
2010-09-27,16,0.195,0.239
2010-09-27,17,0.104,0.173
2010-09-27,18,0.091,0.155
2010-09-27,19,0.111,0.212
2010-09-27,20,0.142,0.263
2010-09-27,21,0.15,0.186
2010-09-27,22,0.143,0.196
2010-09-27,23,0.156,0.33
2010-09-27,24,0.137,0.212
2010-09-28,1,0.146,0.169
2010-09-28,2,0.127,0.178
2010-09-28,3,0.196,0.228
2010-09-28,4,0.129,0.183
2010-09-28,5,0.137,0.169
2010-09-28,6,0.162,0.252
2010-09-28,7,0.129,0.159
2010-09-28,8,0.102,0.183
2010-09-28,9,0.104,0.142
2010-09-28,10,0.167,0.31
2010-09-28,11,0.112,0.124
2010-09-28,12,0.112,0.18
2010-09-28,13,0.092,0.258
2010-09-28,14,0.093,0.248
2010-09-28,15,0.113,0.138
2010-09-28,16,0.112,0.169
2010-09-28,17,0.198,0.215
2010-09-28,18,0.1,0.184
2010-09-28,19,0.107,0.144
2010-09-28,20,0.172,0.237
2010-09-28,21,0.164,0.217
2010-09-28,22,0.147,0.215
2010-09-28,23,0.129,0.181
2010-09-28,24,0.2,0.339
2010-09-29,1,0.148,0.153
2010-09-29,2,0.115,0.198
2010-09-29,3,0.096,0.215
2010-09-29,4,0.103,0.296
2010-09-29,5,0.1,0.116
2010-09-29,6,0.144,0.191
2010-09-29,7,0.151,0.237
2010-09-29,8,0.152,0.155
2010-09-29,9,0.092,0.114
2010-09-29,10,0.154,0.164
2010-09-29,11,0.162,0.246
2010-09-29,12,0.127,0.191
2010-09-29,13,0.105,0.105
2010-09-29,14,0.155,0.297
2010-09-29,15,0.115,0.162
2010-09-29,16,0.147,0.169
2010-09-29,17,0.112,0.127
2010-09-29,18,0.186,0.288
2010-09-29,19,0.091,0.111
2010-09-29,20,0.16,0.161
2010-09-29,21,0.209,0.261
2010-09-29,22,0.205,0.206
2010-09-29,23,0.131,0.182
2010-09-29,24,0.185,0.299
2010-09-30,1,0.14,0.222
2010-09-30,2,0.135,0.186
2010-09-30,3,0.097,0.12
2010-09-30,4,0.267,0.303
2010-09-30,5,0.112,0.117
2010-09-30,6,0.097,0.215
2010-09-30,7,0.116,0.13
2010-09-30,8,0.212,0.241
2010-09-30,9,0.111,0.115
2010-09-30,10,0.095,0.209
2010-09-30,11,0.121,0.204
2010-09-30,12,0.185,0.187
2010-09-30,13,0.113,0.121
2010-09-30,14,0.093,0.205
2010-09-30,15,0.18,0.222
2010-09-30,16,0.113,0.206
2010-09-30,17,0.107,0.113
2010-09-30,18,0.104,0.293
2010-09-30,19,0.095,0.208
2010-09-30,20,0.111,0.228
2010-09-30,21,0.13,0.144
2010-09-30,22,0.253,0.311
2010-09-30,23,0.147,0.158
2010-09-30,24,0.126,0.24
2010-10-01,1,0.157,0.206
2010-10-01,2,0.204,0.227
2010-10-01,3,0.114,0.119
2010-10-01,4,0.099,0.189
2010-10-01,5,0.199,0.222
2010-10-01,6,0.118,0.186
2010-10-01,7,0.116,0.158
2010-10-01,8,0.114,0.18
2010-10-01,9,0.148,0.281
2010-10-01,10,0.096,0.251
2010-10-01,11,0.913,1.631
2010-10-01,12,1.349,1.542
2010-10-01,13,1.123,1.438
2010-10-01,14,0.931,2.514
2010-10-01,15,0.136,0.208
2010-10-01,16,0.252,0.26
2010-10-01,17,0.101,0.118
2010-10-01,18,0.137,0.205
2010-10-01,19,0.187,0.211
2010-10-01,20,0.134,0.214
2010-10-01,21,0.128,0.149
2010-10-01,22,0.196,0.352
2010-10-01,23,0.147,0.172
2010-10-01,24,0.179,0.236
2010-10-02,1,0.15,0.212
2010-10-02,2,0.188,0.254
2010-10-02,3,0.095,0.115
2010-10-02,4,0.146,0.192
2010-10-02,5,0.191,0.209
2010-10-02,6,0.137,0.182
2010-10-02,7,0.115,0.115
2010-10-02,8,0.11,0.334
2010-10-02,9,0.093,0.168
2010-10-02,10,0.118,0.212
2010-10-02,11,0.093,0.124
2010-10-02,12,0.236,0.247
2010-10-02,13,0.115,0.124
2010-10-02,14,0.095,0.218
2010-10-02,15,0.146,0.224
2010-10-02,16,0.146,0.196
2010-10-02,17,0.096,0.119
2010-10-02,18,0.107,0.27
2010-10-02,19,0.119,0.223
2010-10-02,20,0.124,0.217
2010-10-02,21,0.137,0.146
2010-10-02,22,0.223,0.339
2010-10-02,23,0.136,0.146
2010-10-02,24,0.146,0.242
2010-10-03,1,0.137,0.229
2010-10-03,2,0.2,0.232
2010-10-03,3,0.11,0.117
2010-10-03,4,0.106,0.209
2010-10-03,5,0.191,0.365
2010-10-03,6,0.217,0.261
2010-10-03,7,0.096,0.115
2010-10-03,8,0.113,0.236
2010-10-03,9,0.107,0.256
2010-10-03,10,0.109,0.183
2010-10-03,11,0.112,0.127
2010-10-03,12,0.132,0.289
2010-10-03,13,0.113,0.198
2010-10-03,14,0.093,0.212
2010-10-03,15,0.132,0.22
2010-10-03,16,0.222,0.245
2010-10-03,17,0.115,0.12
2010-10-03,18,0.113,0.188
2010-10-03,19,0.213,0.216
2010-10-03,20,0.102,0.223
2010-10-03,21,0.133,0.143
2010-10-03,22,0.151,0.356
2010-10-03,23,0.146,0.194
2010-10-03,24,0.148,0.266
2010-10-04,1,0.148,0.149
2010-10-04,2,0.248,0.257
2010-10-04,3,0.107,0.109
2010-10-04,4,0.123,0.195
2010-10-04,5,0.113,0.246
2010-10-04,6,0.149,0.216
2010-10-04,7,0.095,0.114
2010-10-04,8,0.115,0.18
2010-10-04,9,0.21,0.212
2010-10-04,10,0.094,0.199
2010-10-04,11,0.105,0.119
2010-10-04,12,0.112,0.21
2010-10-04,13,0.145,0.259
2010-10-04,14,0.096,0.206
2010-10-04,15,0.106,0.12
2010-10-04,16,0.115,0.291
2010-10-04,17,0.115,0.219
2010-10-04,18,0.096,0.192
2010-10-04,19,0.099,0.136
2010-10-04,20,0.182,0.309
2010-10-04,21,0.147,0.169
2010-10-04,22,0.126,0.212
2010-10-04,23,0.137,0.179
2010-10-04,24,0.248,0.274
2010-10-05,1,0.138,0.202
2010-10-05,2,0.103,0.169
2010-10-05,3,0.164,0.188
2010-10-05,4,0.159,0.209
2010-10-05,5,0.115,0.155
2010-10-05,6,0.094,0.146
2010-10-05,7,0.202,0.224
2010-10-05,8,0.109,0.154
2010-10-05,9,0.115,0.206
2010-10-05,10,0.095,0.114
2010-10-05,11,0.244,0.245
2010-10-05,12,0.093,0.126
2010-10-05,13,0.115,0.201
2010-10-05,14,0.106,0.149
2010-10-05,15,0.165,0.305
2010-10-05,16,0.092,0.113
2010-10-05,17,0.124,0.205
2010-10-05,18,0.169,0.23
2010-10-05,19,0.111,0.2
2010-10-05,20,0.114,0.116
2010-10-05,21,0.233,0.265
2010-10-05,22,0.142,0.21
2010-10-05,23,0.134,0.246
2010-10-05,24,0.145,0.149
2010-10-06,1,0.212,0.341
2010-10-06,2,0.093,0.124
2010-10-06,3,0.116,0.202
2010-10-06,4,0.102,0.219
2010-10-06,5,0.13,0.251
2010-10-06,6,0.092,0.112
2010-10-06,7,0.136,0.186
2010-10-06,8,0.143,0.242
2010-10-06,9,0.156,0.171
2010-10-06,10,0.098,0.114
2010-10-06,11,0.136,0.175
2010-10-06,12,0.207,0.21
2010-10-06,13,0.153,0.161
2010-10-06,14,0.102,0.11
2010-10-06,15,0.191,0.222
2010-10-06,16,0.114,0.202
2010-10-06,17,0.125,0.19
2010-10-06,18,0.116,0.127
2010-10-06,19,0.154,0.335
2010-10-06,20,0.094,0.156
2010-10-06,21,0.128,0.221
2010-10-06,22,0.201,0.317
2010-10-06,23,0.149,0.194
2010-10-06,24,0.146,0.175
2010-10-07,1,0.207,0.222
2010-10-07,2,0.16,0.201
2010-10-07,3,0.099,0.165
2010-10-07,4,0.115,0.161
2010-10-07,5,0.174,0.268
2010-10-07,6,0.094,0.177
2010-10-07,7,0.126,0.153
2010-10-07,8,0.116,0.311
2010-10-07,9,0.114,0.178
2010-10-07,10,0.108,0.166
2010-10-07,11,0.1,0.147
2010-10-07,12,0.244,1.32
2010-10-07,13,0.558,0.93
2010-10-07,14,0.591,0.63
2010-10-07,15,0.524,0.665
2010-10-07,16,0.591,0.6
2010-10-07,17,0.521,0.529
2010-10-07,18,0.567,0.623
2010-10-07,19,0.534,0.659
2010-10-07,20,0.563,0.587
2010-10-07,21,0.544,0.594
2010-10-07,22,0.671,0.734
2010-10-07,23,0.542,0.552
2010-10-07,24,0.577,0.639
2010-10-08,1,0.549,0.686
2010-10-08,2,0.523,0.683
2010-10-08,3,0.53,0.533
2010-10-08,4,0.547,0.609
2010-10-08,5,0.57,0.659
2010-10-08,6,0.528,0.601
2010-10-08,7,0.508,0.573
2010-10-08,8,0.616,0.641
2010-10-08,9,0.554,0.59
2010-10-08,10,0.525,0.541
2010-10-08,11,0.526,0.63
2010-10-08,12,0.539,0.673
2010-10-08,13,0.505,0.624
2010-10-08,14,0.506,0.534
2010-10-08,15,0.61,0.719
2010-10-08,16,0.507,0.518
2010-10-08,17,0.557,0.583
2010-10-08,18,0.513,0.648
2010-10-08,19,0.547,0.633
2010-10-08,20,0.526,0.541
2010-10-08,21,0.648,0.651
2010-10-08,22,0.547,0.716
2010-10-08,23,0.568,0.659
2010-10-08,24,0.547,0.565
2010-10-09,1,0.635,0.737
2010-10-09,2,0.519,0.559
2010-10-09,3,0.505,0.592
2010-10-09,4,0.54,0.714
2010-10-09,5,0.525,0.59
2010-10-09,6,0.526,0.582
2010-10-09,7,0.552,0.594
2010-10-09,8,0.619,0.634
2010-10-09,9,0.519,0.527
2010-10-09,10,0.534,0.6
2010-10-09,11,0.576,0.633
2010-10-09,12,0.568,0.576
2010-10-09,13,0.505,0.516
2010-10-09,14,0.615,0.753
2010-10-09,15,0.0,0.563
2010-10-09,16,0.0,0.0
2010-10-09,17,0.0,0.0
2010-10-09,18,0.695,0.742
2010-10-09,19,0.548,0.552
2010-10-09,20,0.539,0.621
2010-10-09,21,0.57,0.737
2010-10-09,22,0.512,0.636
2010-10-09,23,0.545,0.648
2010-10-09,24,0.547,0.654
2010-10-10,1,0.616,0.702
2010-10-10,2,0.542,0.561
2010-10-10,3,0.589,0.635
2010-10-10,4,0.58,0.686
2010-10-10,5,0.519,0.615
2010-10-10,6,0.526,0.531
2010-10-10,7,0.633,0.678
2010-10-10,8,0.526,0.532
2010-10-10,9,0.529,0.603
2010-10-10,10,0.51,0.692
2010-10-10,11,0.515,0.628
2010-10-10,12,0.511,0.598
2010-10-10,13,0.549,0.559
2010-10-10,14,0.627,0.65
2010-10-10,15,0.505,0.524
2010-10-10,16,0.554,0.576
2010-10-10,17,0.585,0.648
2010-10-10,18,0.561,0.566
2010-10-10,19,0.511,0.525
2010-10-10,20,0.667,0.68
2010-10-10,21,0.517,0.537
2010-10-10,22,0.526,0.601
2010-10-10,23,0.511,0.745
2010-10-10,24,0.54,0.653
2010-10-11,1,0.561,0.645
2010-10-11,2,0.556,0.611
2010-10-11,3,0.633,0.698
2010-10-11,4,0.546,0.558
2010-10-11,5,0.537,0.596
2010-10-11,6,0.573,0.63
2010-10-11,7,0.569,0.579
2010-10-11,8,0.513,0.524
2010-10-11,9,0.593,0.677
2010-10-11,10,0.525,0.557
2010-10-11,11,0.552,0.571
2010-10-11,12,0.525,0.547
2010-10-11,13,0.539,0.743
2010-10-11,14,0.503,0.553
2010-10-11,15,0.525,0.595
2010-10-11,16,0.633,0.656
2010-10-11,17,0.507,0.541
2010-10-11,18,0.549,0.609
2010-10-11,19,0.548,0.633
2010-10-11,20,0.545,0.589
2010-10-11,21,0.538,0.633
2010-10-11,22,0.525,0.743
2010-10-11,23,0.527,0.593
2010-10-11,24,0.556,0.591
2010-10-12,1,0.647,0.689
2010-10-12,2,0.559,0.587
2010-10-12,3,0.54,0.651
2010-10-12,4,0.622,0.648
2010-10-12,5,0.54,0.618
2010-10-12,6,0.509,0.529
2010-10-12,7,0.557,0.691
2010-10-12,8,0.523,0.583
2010-10-12,9,0.556,0.572
2010-10-12,10,0.504,0.525
2010-10-12,11,0.604,0.693
2010-10-12,12,0.513,0.525
2010-10-12,13,0.545,0.593
2010-10-12,14,0.534,0.658
2010-10-12,15,0.515,0.638
2010-10-12,16,0.512,0.583
2010-10-12,17,0.562,0.637
2010-10-12,18,0.569,0.619
2010-10-12,19,0.501,0.521
2010-10-12,20,0.562,0.661
2010-10-12,21,0.524,0.596
2010-10-12,22,0.541,0.586
2010-10-12,23,0.527,0.608
2010-10-12,24,0.559,0.753
2010-10-13,1,0.557,0.567
2010-10-13,2,0.558,0.623
2010-10-13,3,0.651,0.678
2010-10-13,4,0.527,0.596
2010-10-13,5,0.526,0.595
2010-10-13,6,0.53,0.66
2010-10-13,7,0.55,0.616
2010-10-13,8,0.507,0.529
2010-10-13,9,0.527,0.611
2010-10-13,10,0.584,0.63
2010-10-13,11,0.516,0.605
2010-10-13,12,0.513,0.516
2010-10-13,13,0.559,0.665
2010-10-13,14,0.523,0.601
2010-10-13,15,0.557,0.571
2010-10-13,16,0.524,0.57
2010-10-13,17,0.524,0.727
2010-10-13,18,0.505,0.583
2010-10-13,19,0.509,0.56
2010-10-13,20,0.651,0.727
2010-10-13,21,0.516,0.548
2010-10-13,22,0.549,0.591
2010-10-13,23,0.592,0.659
2010-10-13,24,0.588,0.608
2010-10-14,1,0.549,0.593
2010-10-14,2,0.627,0.699
2010-10-14,3,0.556,0.597
2010-10-14,4,0.535,0.648
2010-10-14,5,0.531,0.559
2010-10-14,6,0.569,0.733
2010-10-14,7,0.511,0.523
2010-10-14,8,0.505,0.621
2010-10-14,9,0.526,0.68
2010-10-14,10,0.527,0.623
2010-10-14,11,0.527,0.554
2010-10-14,12,0.508,0.575
2010-10-14,13,0.625,0.664
2010-10-14,14,0.524,0.525
2010-10-14,15,0.517,0.601
2010-10-14,16,0.526,0.594
2010-10-14,17,0.58,0.642
2010-10-14,18,0.501,0.52
2010-10-14,19,0.542,0.568
2010-10-14,20,0.584,0.612
2010-10-14,21,0.532,0.608
2010-10-14,22,0.503,0.532
2010-10-14,23,0.59,0.597
2010-10-14,24,0.58,0.684
2010-10-15,1,0.604,0.622
2010-10-15,2,0.561,0.618
2010-10-15,3,0.581,0.687
2010-10-15,4,0.592,0.619
2010-10-15,5,0.506,0.541
2010-10-15,6,0.523,0.597
2010-10-15,7,0.585,0.643
2010-10-15,8,0.526,0.596
2010-10-15,9,0.506,0.526
2010-10-15,10,1.948,2.794
2010-10-15,11,1.69,2.159
2010-10-15,12,0.568,0.846
2010-10-15,13,0.501,0.52
2010-10-15,14,0.598,0.657
2010-10-15,15,0.52,0.56
2010-10-15,16,0.516,0.586
2010-10-15,17,0.517,0.608
2010-10-15,18,0.513,0.67
2010-10-15,19,0.494,0.606
2010-10-15,20,0.5,0.509
2010-10-15,21,0.633,0.658
2010-10-15,22,0.509,0.518
2010-10-15,23,0.558,0.58
2010-10-15,24,0.573,0.664
2010-10-16,1,0.558,0.671
2010-10-16,2,0.534,0.567
2010-10-16,3,0.582,0.638
2010-10-16,4,0.576,0.681
2010-10-16,5,0.519,0.558
2010-10-16,6,0.5,0.601
2010-10-16,7,0.573,0.629
2010-10-16,8,0.526,0.606
2010-10-16,9,0.507,0.518
2010-10-16,10,0.532,0.58
2010-10-16,11,0.523,0.645
2010-10-16,12,0.133,0.522
2010-10-16,13,0.097,0.106
2010-10-16,14,0.188,0.279
2010-10-16,15,0.107,0.124
2010-10-16,16,0.651,2.08
2010-10-16,17,1.976,2.16
2010-10-16,18,0.245,0.615
2010-10-16,19,0.48,0.96
2010-10-16,20,1.049,1.257
2010-10-16,21,1.653,2.463
2010-10-16,22,1.333,1.631
2010-10-16,23,1.286,1.495
2010-10-16,24,0.229,0.295
2010-10-17,1,0.243,0.31
2010-10-17,2,0.139,0.239
2010-10-17,3,0.136,0.199
2010-10-17,4,0.259,0.319
2010-10-17,5,0.145,0.237
2010-10-17,6,0.152,0.175
2010-10-17,7,0.24,0.35
2010-10-17,8,0.788,2.858
2010-10-17,9,0.244,2.819
2010-10-17,10,0.237,0.361
2010-10-17,11,0.186,0.277
2010-10-17,12,0.149,0.168
2010-10-17,13,0.212,0.242
2010-10-17,14,0.322,0.404
2010-10-17,15,0.157,0.279
2010-10-17,16,1.025,1.448
2010-10-17,17,0.28,0.325
2010-10-17,18,0.295,0.898
2010-10-17,19,1.787,2.1
2010-10-17,20,1.351,3.225
2010-10-17,21,1.068,1.178
2010-10-17,22,1.038,1.078
2010-10-17,23,1.083,1.502
2010-10-17,24,0.366,1.452
2010-10-18,1,0.176,0.258
2010-10-18,2,0.196,0.348
2010-10-18,3,0.177,0.201
2010-10-18,4,0.142,0.224
2010-10-18,5,0.231,0.266
2010-10-18,6,0.139,0.221
2010-10-18,7,0.141,0.146
2010-10-18,8,0.92,2.637
2010-10-18,9,0.157,0.231
2010-10-18,10,0.537,0.679
2010-10-18,11,0.346,1.834
2010-10-18,12,0.267,0.311
2010-10-18,13,0.17,0.191
2010-10-18,14,0.273,0.351
2010-10-18,15,0.169,0.182
2010-10-18,16,0.261,0.268
2010-10-18,17,1.161,2.11
2010-10-18,18,0.181,0.328
2010-10-18,19,0.361,0.488
2010-10-18,20,0.669,0.834
2010-10-18,21,1.301,3.656
2010-10-18,22,1.271,1.352
2010-10-18,23,1.157,1.195
2010-10-18,24,0.513,1.377
2010-10-19,1,0.297,0.319
2010-10-19,2,0.145,0.269
2010-10-19,3,0.143,0.167
2010-10-19,4,0.222,0.353
2010-10-19,5,0.143,0.144
2010-10-19,6,0.15,0.224
2010-10-19,7,0.231,0.258
2010-10-19,8,1.086,1.749
2010-10-19,9,0.612,0.69
2010-10-19,10,0.769,0.919
2010-10-19,11,1.109,1.144
2010-10-19,12,0.296,1.417
2010-10-19,13,0.146,0.322
2010-10-19,14,0.28,0.492
2010-10-19,15,0.245,0.264
2010-10-19,16,0.25,0.359
2010-10-19,17,1.132,2.973
2010-10-19,18,0.181,0.757
2010-10-19,19,0.341,0.67
2010-10-19,20,0.864,1.078
2010-10-19,21,0.852,0.883
2010-10-19,22,1.173,1.302
2010-10-19,23,1.122,1.166
2010-10-19,24,0.998,1.4
2010-10-20,1,0.831,1.862
2010-10-20,2,0.166,1.467
2010-10-20,3,0.223,0.358
2010-10-20,4,0.143,0.155
2010-10-20,5,0.132,0.233
2010-10-20,6,0.232,0.262
2010-10-20,7,0.123,0.221
2010-10-20,8,0.138,0.17
2010-10-20,9,0.957,0.987
2010-10-20,10,0.186,0.595
2010-10-20,11,0.562,0.867
2010-10-20,12,0.331,0.588
2010-10-20,13,0.245,0.302
2010-10-20,14,0.142,0.174
2010-10-20,15,0.152,0.345
2010-10-20,16,0.143,0.23
2010-10-20,17,0.76,1.24
2010-10-20,18,0.196,0.3
2010-10-20,19,0.502,0.966
2010-10-20,20,1.039,1.624
2010-10-20,21,1.592,1.649
2010-10-20,22,0.56,1.357
2010-10-20,23,0.558,1.831
2010-10-20,24,0.231,0.332
2010-10-21,1,0.251,0.278
2010-10-21,2,0.177,0.371
2010-10-21,3,0.218,0.297
2010-10-21,4,0.147,0.165
2010-10-21,5,0.213,0.335
2010-10-21,6,0.16,0.239
2010-10-21,7,0.204,0.219
2010-10-21,8,0.778,1.319
2010-10-21,9,0.298,0.31
2010-10-21,10,0.217,0.62
2010-10-21,11,0.133,0.252
2010-10-21,12,0.199,0.272
2010-10-21,13,0.321,0.373
2010-10-21,14,0.273,0.281
2010-10-21,15,0.18,0.459
2010-10-21,16,0.143,0.145
2010-10-21,17,1.08,1.638
2010-10-21,18,0.188,0.242
2010-10-21,19,0.329,0.962
2010-10-21,20,0.946,1.618
2010-10-21,21,1.903,3.356
2010-10-21,22,1.252,1.456
2010-10-21,23,1.108,1.354
2010-10-21,24,0.238,1.039
2010-10-22,1,0.301,0.324
2010-10-22,2,0.131,0.169
2010-10-22,3,0.176,0.241
2010-10-22,4,0.194,0.285
2010-10-22,5,0.14,0.224
2010-10-22,6,0.138,0.172
2010-10-22,7,0.22,0.321
2010-10-22,8,1.009,2.142
2010-10-22,9,0.17,0.231
2010-10-22,10,1.39,1.4
2010-10-22,11,1.207,1.516
2010-10-22,12,1.113,1.37
2010-10-22,13,1.683,1.981
2010-10-22,14,0.821,1.261
2010-10-22,15,0.388,0.429
2010-10-22,16,0.242,0.356
2010-10-22,17,2.147,3.122
2010-10-22,18,1.268,2.202
2010-10-22,19,1.055,2.627
2010-10-22,20,1.978,3.894
2010-10-22,21,1.464,1.578
2010-10-22,22,1.603,1.87
2010-10-22,23,1.844,2.917
2010-10-22,24,1.787,3.268
2010-10-23,1,0.348,0.361
2010-10-23,2,1.112,1.2
2010-10-23,3,0.192,0.863
2010-10-23,4,0.257,0.304
2010-10-23,5,0.157,0.277
2010-10-23,6,0.189,0.206
2010-10-23,7,0.144,0.224
2010-10-23,8,1.024,1.05
2010-10-23,9,0.148,0.158
2010-10-23,10,0.28,0.323
2010-10-23,11,0.271,0.352
2010-10-23,12,0.517,1.75
2010-10-23,13,0.504,0.925
2010-10-23,14,0.338,0.44
2010-10-23,15,0.245,0.514
2010-10-23,16,0.177,0.348
2010-10-23,17,1.706,1.999
2010-10-23,18,0.992,1.52
2010-10-23,19,1.059,1.444
2010-10-23,20,1.245,2.901
2010-10-23,21,0.224,0.346
2010-10-23,22,0.174,0.301
2010-10-23,23,0.193,0.252
2010-10-23,24,0.169,0.27
2010-10-24,1,0.172,0.299
2010-10-24,2,0.134,0.163
2010-10-24,3,0.315,1.238
2010-10-24,4,1.369,1.396
2010-10-24,5,0.138,0.382
2010-10-24,6,0.133,0.168
2010-10-24,7,0.158,0.299
2010-10-24,8,0.124,0.644
2010-10-24,9,0.834,2.237
2010-10-24,10,0.227,0.242
2010-10-24,11,0.178,0.182
2010-10-24,12,0.211,0.403
2010-10-24,13,0.932,2.653
2010-10-24,14,2.744,5.251
2010-10-24,15,2.412,3.153
2010-10-24,16,1.013,1.194
2010-10-24,17,1.146,2.124
2010-10-24,18,2.026,4.187
2010-10-24,19,2.928,4.673
2010-10-24,20,1.645,1.699
2010-10-24,21,0.901,1.451
2010-10-24,22,0.914,0.948
2010-10-24,23,0.825,0.954
2010-10-24,24,1.209,1.534
2010-10-25,1,0.297,0.496
2010-10-25,2,1.02,1.177
2010-10-25,3,0.345,0.439
2010-10-25,4,0.211,0.298
2010-10-25,5,0.239,0.3
2010-10-25,6,0.148,0.219
2010-10-25,7,0.136,0.143
2010-10-25,8,0.276,0.815
2010-10-25,9,0.189,1.618
2010-10-25,10,0.167,0.318
2010-10-25,11,0.119,1.245
2010-10-25,12,1.103,3.159
2010-10-25,13,0.236,1.746
2010-10-25,14,1.938,2.067
2010-10-25,15,0.376,1.134
2010-10-25,16,0.396,0.794
2010-10-25,17,0.342,0.367
2010-10-25,18,0.287,1.092
2010-10-25,19,1.558,1.73
2010-10-25,20,1.161,2.079
2010-10-25,21,1.5,1.514
2010-10-25,22,0.446,0.568
2010-10-25,23,0.462,1.523
2010-10-25,24,0.428,0.584
2010-10-26,1,0.269,0.304
2010-10-26,2,0.258,0.351
2010-10-26,3,0.214,0.242
2010-10-26,4,0.218,0.237
2010-10-26,5,0.133,0.255
2010-10-26,6,0.216,0.304
2010-10-26,7,0.152,0.175
2010-10-26,8,1.067,2.597
2010-10-26,9,0.262,0.263
2010-10-26,10,0.249,0.257
2010-10-26,11,0.176,0.218
2010-10-26,12,0.157,0.256
2010-10-26,13,0.232,1.04
2010-10-26,14,0.333,0.606
2010-10-26,15,1.048,1.558
2010-10-26,16,1.424,2.931
2010-10-26,17,0.556,1.207
2010-10-26,18,1.057,2.257
2010-10-26,19,0.695,0.695
2010-10-26,20,0.614,1.352
2010-10-26,21,0.915,1.517
2010-10-26,22,0.777,0.837
2010-10-26,23,0.388,0.54
2010-10-26,24,0.34,0.422
2010-10-27,1,0.239,0.994
2010-10-27,2,0.255,0.255
2010-10-27,3,0.212,0.223
2010-10-27,4,0.123,0.202
2010-10-27,5,0.161,0.374
2010-10-27,6,0.133,0.225
2010-10-27,7,0.145,0.222
2010-10-27,8,0.752,2.985
2010-10-27,9,0.379,0.634
2010-10-27,10,0.162,0.238
2010-10-27,11,0.174,0.268
2010-10-27,12,0.127,0.27
2010-10-27,13,0.174,0.217
2010-10-27,14,0.148,0.189
2010-10-27,15,0.214,0.337
2010-10-27,16,0.124,0.163
2010-10-27,17,0.123,0.23
2010-10-27,18,0.87,2.319
2010-10-27,19,0.335,0.8
2010-10-27,20,2.068,2.15
2010-10-27,21,1.544,1.705
2010-10-27,22,1.301,1.613
2010-10-27,23,1.647,1.708
2010-10-27,24,1.274,1.38
2010-10-28,1,0.508,2.139
2010-10-28,2,0.216,0.35
2010-10-28,3,0.353,0.362
2010-10-28,4,0.213,0.313
2010-10-28,5,0.192,0.243
2010-10-28,6,0.282,0.309
2010-10-28,7,0.173,0.224
2010-10-28,8,0.99,2.695
2010-10-28,9,0.25,0.43
2010-10-28,10,0.148,0.862
2010-10-28,11,0.171,0.263
2010-10-28,12,0.169,0.242
2010-10-28,13,0.211,0.232
2010-10-28,14,0.135,0.149
2010-10-28,15,0.179,0.351
2010-10-28,16,0.146,0.195
2010-10-28,17,0.187,0.187
2010-10-28,18,0.937,1.995
2010-10-28,19,1.193,1.225
2010-10-28,20,1.011,1.123
2010-10-28,21,1.302,1.54
2010-10-28,22,1.011,1.627
2010-10-28,23,1.235,1.311
2010-10-28,24,1.35,1.576
2010-10-29,1,0.16,0.27
2010-10-29,2,0.149,0.29
2010-10-29,3,0.196,0.291
2010-10-29,4,0.147,0.244
2010-10-29,5,0.133,0.164
2010-10-29,6,0.288,0.29
2010-10-29,7,0.142,0.144
2010-10-29,8,1.055,2.878
2010-10-29,9,0.368,0.414
2010-10-29,10,0.886,3.244
2010-10-29,11,2.363,3.988
2010-10-29,12,0.97,1.167
2010-10-29,13,0.187,1.032
2010-10-29,14,0.183,0.199
2010-10-29,15,0.274,0.316
2010-10-29,16,2.65,2.982
2010-10-29,17,0.475,2.896
2010-10-29,18,0.643,0.743
2010-10-29,19,0.475,1.075
2010-10-29,20,0.827,2.057
2010-10-29,21,0.762,3.063
2010-10-29,22,1.325,2.581
2010-10-29,23,0.812,1.523
2010-10-29,24,0.691,1.074
2010-10-30,1,1.5,1.889
2010-10-30,2,0.167,0.33
2010-10-30,3,0.161,0.194
2010-10-30,4,0.15,0.222
2010-10-30,5,0.178,0.315
2010-10-30,6,0.176,1.086
2010-10-30,7,0.172,1.161
2010-10-30,8,0.298,0.333
2010-10-30,9,0.258,0.284
2010-10-30,10,0.18,0.304
2010-10-30,11,0.269,0.533
2010-10-30,12,0.226,1.279
2010-10-30,13,1.886,2.673
2010-10-30,14,0.166,0.264
2010-10-30,15,0.259,1.614
2010-10-30,16,1.089,2.008
2010-10-30,17,0.182,2.019
2010-10-30,18,0.204,0.209
2010-10-30,19,0.236,0.411
2010-10-30,20,3.032,4.169
2010-10-30,21,1.112,1.25
2010-10-30,22,1.051,3.334
2010-10-30,23,1.108,1.132
2010-10-30,24,1.105,1.292
2010-10-31,1,0.177,0.379
2010-10-31,2,0.233,1.883
2010-10-31,3,0.14,0.156
2010-10-31,4,0.143,0.204
2010-10-31,5,0.203,0.317
2010-10-31,6,0.166,0.167
2010-10-31,7,0.179,1.044
2010-10-31,8,0.415,0.94
2010-10-31,9,0.252,0.344
2010-10-31,10,0.184,0.429
2010-10-31,11,0.332,0.916
2010-10-31,12,0.936,1.298
2010-10-31,13,0.261,0.281
2010-10-31,14,0.394,0.723
2010-10-31,15,0.299,0.63
2010-10-31,16,0.44,0.524
2010-10-31,17,0.334,1.887
2010-10-31,18,1.323,2.673
2010-10-31,19,2.067,3.339
2010-10-31,20,1.432,1.486
2010-10-31,21,1.136,1.552
2010-10-31,22,0.829,1.037
2010-10-31,23,0.419,1.428
2010-10-31,24,0.192,0.279
2010-11-01,1,0.165,0.344
2010-11-01,2,0.145,0.275
2010-11-01,3,0.122,0.189
2010-11-01,4,0.245,0.252
2010-11-01,5,0.17,0.174
2010-11-01,6,0.133,0.207
2010-11-01,7,0.791,0.984
2010-11-01,8,0.231,0.35
2010-11-01,9,0.279,0.751
2010-11-01,10,0.239,0.408
2010-11-01,11,0.118,0.173
2010-11-01,12,0.118,0.215
2010-11-01,13,0.221,0.277
2010-11-01,14,0.143,0.204
2010-11-01,15,0.13,0.142
2010-11-01,16,0.26,0.987
2010-11-01,17,2.687,2.698
2010-11-01,18,0.157,0.508
2010-11-01,19,0.974,1.902
2010-11-01,20,0.71,1.053
2010-11-01,21,0.874,1.439
2010-11-01,22,0.967,1.208
2010-11-01,23,0.513,1.004
2010-11-01,24,0.609,1.454
2010-11-02,1,0.192,0.232
2010-11-02,2,0.198,0.222
2010-11-02,3,0.207,0.235
2010-11-02,4,0.132,0.175
2010-11-02,5,0.144,0.311
2010-11-02,6,0.142,0.254
2010-11-02,7,0.736,1.894
2010-11-02,8,0.313,0.476
2010-11-02,9,0.401,0.427
2010-11-02,10,0.157,0.281
2010-11-02,11,0.402,1.075
2010-11-02,12,0.157,0.357
2010-11-02,13,0.157,0.224
2010-11-02,14,0.225,0.708
2010-11-02,15,0.337,0.431
2010-11-02,16,0.242,0.891
2010-11-02,17,0.384,2.094
2010-11-02,18,1.02,1.24
2010-11-02,19,1.09,1.746
2010-11-02,20,1.004,2.071
2010-11-02,21,1.837,2.326
2010-11-02,22,1.095,1.993
2010-11-02,23,0.422,0.839
2010-11-02,24,0.549,0.744
2010-11-03,1,0.284,0.36
2010-11-03,2,0.145,0.157
2010-11-03,3,0.183,0.287
2010-11-03,4,0.143,0.255
2010-11-03,5,0.163,0.206
2010-11-03,6,0.142,0.25
2010-11-03,7,0.93,1.209
2010-11-03,8,0.203,0.217
2010-11-03,9,0.283,0.459
2010-11-03,10,0.416,1.386
2010-11-03,11,0.69,1.585
2010-11-03,12,0.208,0.269
2010-11-03,13,0.18,0.218
2010-11-03,14,0.12,0.141
2010-11-03,15,0.248,0.336
2010-11-03,16,0.131,0.88
2010-11-03,17,0.161,1.415
2010-11-03,18,0.221,0.298
2010-11-03,19,0.316,0.658
2010-11-03,20,1.017,1.022
2010-11-03,21,0.435,0.609
2010-11-03,22,0.405,0.408
2010-11-03,23,0.495,1.977
2010-11-03,24,0.432,1.941
2010-11-04,1,0.213,0.368
2010-11-04,2,0.186,0.332
2010-11-04,3,0.167,0.295
2010-11-04,4,0.165,0.188
2010-11-04,5,0.245,0.297
2010-11-04,6,0.187,0.202
2010-11-04,7,1.035,2.889
2010-11-04,8,0.411,0.835
2010-11-04,9,0.281,0.329
2010-11-04,10,0.333,0.556
2010-11-04,11,0.165,0.31
2010-11-04,12,0.383,0.893
2010-11-04,13,0.282,1.667
2010-11-04,14,0.282,0.716
2010-11-04,15,0.225,0.246
2010-11-04,16,0.311,1.092
2010-11-04,17,0.446,1.69
2010-11-04,18,1.16,1.517
2010-11-04,19,0.682,0.918
2010-11-04,20,0.886,0.91
2010-11-04,21,0.931,0.937
2010-11-04,22,0.802,0.825
2010-11-04,23,0.938,2.212
2010-11-04,24,0.706,1.073
2010-11-05,1,0.241,0.4
2010-11-05,2,0.144,0.193
2010-11-05,3,0.195,0.213
2010-11-05,4,0.22,0.243
2010-11-05,5,0.198,0.207
2010-11-05,6,0.127,0.169
2010-11-05,7,1.009,1.915
2010-11-05,8,0.208,0.234
2010-11-05,9,0.333,2.501
2010-11-05,10,1.457,2.736
2010-11-05,11,2.071,2.484
2010-11-05,12,0.661,1.482
2010-11-05,13,0.766,0.786
2010-11-05,14,0.3,0.424
2010-11-05,15,0.258,0.505
2010-11-05,16,0.389,1.076
2010-11-05,17,3.131,3.207
2010-11-05,18,1.046,2.505
2010-11-05,19,0.572,0.775
2010-11-05,20,0.744,2.205
2010-11-05,21,0.879,2.522
2010-11-05,22,0.95,1.326
2010-11-05,23,0.565,0.881
2010-11-05,24,0.651,1.136
2010-11-06,1,0.356,0.801
2010-11-06,2,0.132,0.223
2010-11-06,3,0.148,0.201
2010-11-06,4,0.243,0.28
2010-11-06,5,0.142,0.162
2010-11-06,6,0.151,0.207
2010-11-06,7,0.918,2.293
2010-11-06,8,0.125,0.168
2010-11-06,9,0.251,0.393
2010-11-06,10,0.722,0.905
2010-11-06,11,0.302,0.462
2010-11-06,12,0.298,0.367
2010-11-06,13,0.12,0.199
2010-11-06,14,0.243,0.277
2010-11-06,15,0.213,0.251
2010-11-06,16,0.145,0.89
2010-11-06,17,0.274,2.451
2010-11-06,18,0.234,0.256
2010-11-06,19,0.15,0.274
2010-11-06,20,0.239,0.264
2010-11-06,21,0.247,0.266
2010-11-06,22,0.158,0.16
2010-11-06,23,0.203,0.265
2010-11-06,24,0.262,0.282
2010-11-07,1,0.153,0.199
2010-11-07,2,0.176,0.207
2010-11-07,3,0.15,0.27
2010-11-07,4,0.156,0.233
2010-11-07,5,0.127,0.138
2010-11-07,6,0.14,0.234
2010-11-07,7,1.084,2.013
2010-11-07,8,0.12,0.209
2010-11-07,9,0.138,0.176
2010-11-07,10,0.138,0.171
2010-11-07,11,0.186,0.332
2010-11-07,12,0.127,0.156
2010-11-07,13,0.145,0.211
2010-11-07,14,0.132,0.14
2010-11-07,15,0.262,0.296
2010-11-07,16,0.116,0.966
2010-11-07,17,0.174,1.892
2010-11-07,18,0.155,2.346
2010-11-07,19,2.634,2.823
2010-11-07,20,2.157,4.836
2010-11-07,21,1.18,1.253
2010-11-07,22,1.026,1.745
2010-11-07,23,1.099,1.203
2010-11-07,24,0.408,1.485
2010-11-08,1,0.204,0.28
2010-11-08,2,0.166,0.332
2010-11-08,3,0.122,0.218
2010-11-08,4,0.165,0.218
2010-11-08,5,0.124,0.272
2010-11-08,6,0.143,0.284
2010-11-08,7,0.854,2.851
2010-11-08,8,0.246,0.549
2010-11-08,9,0.353,0.944
2010-11-08,10,0.486,0.923
2010-11-08,11,0.93,1.156
2010-11-08,12,0.252,0.981
2010-11-08,13,0.162,0.227
2010-11-08,14,0.127,0.168
2010-11-08,15,0.213,0.233
2010-11-08,16,0.188,0.249
2010-11-08,17,0.166,0.766
2010-11-08,18,1.804,2.739
2010-11-08,19,0.783,2.484
2010-11-08,20,1.614,2.307
2010-11-08,21,1.769,2.011
2010-11-08,22,1.703,1.78
2010-11-08,23,0.776,0.915
2010-11-08,24,0.923,0.975
2010-11-09,1,0.258,0.704
2010-11-09,2,0.197,0.204
2010-11-09,3,0.235,0.254
2010-11-09,4,0.125,0.182
2010-11-09,5,0.14,0.207
2010-11-09,6,0.2,0.307
2010-11-09,7,0.13,0.186
2010-11-09,8,0.945,2.404
2010-11-09,9,0.305,0.356
2010-11-09,10,0.19,0.328
2010-11-09,11,0.17,0.178
2010-11-09,12,0.254,0.311
2010-11-09,13,0.138,0.219
2010-11-09,14,0.249,0.572
2010-11-09,15,0.385,0.392
2010-11-09,16,0.261,0.476
2010-11-09,17,0.243,0.923
2010-11-09,18,1.024,1.439
2010-11-09,19,0.887,0.906
2010-11-09,20,1.165,1.17
2010-11-09,21,1.22,1.282
2010-11-09,22,1.107,1.198
2010-11-09,23,1.128,1.238
2010-11-09,24,1.255,1.342
2010-11-10,1,0.213,0.218
2010-11-10,2,0.248,0.266
2010-11-10,3,0.149,0.19
2010-11-10,4,0.144,0.226
2010-11-10,5,0.164,0.252
2010-11-10,6,0.148,0.276
2010-11-10,7,0.13,0.139
2010-11-10,8,0.874,2.119
2010-11-10,9,0.435,1.0
2010-11-10,10,0.254,0.471
2010-11-10,11,0.174,0.264
2010-11-10,12,0.171,0.207
2010-11-10,13,0.14,0.141
2010-11-10,14,0.196,0.342
2010-11-10,15,0.132,0.153
2010-11-10,16,0.141,0.187
2010-11-10,17,0.238,0.895
2010-11-10,18,0.279,2.024
2010-11-10,19,1.331,1.426
2010-11-10,20,0.827,1.349
2010-11-10,21,0.675,0.755
2010-11-10,22,0.677,0.707
2010-11-10,23,0.79,0.868
2010-11-10,24,0.779,0.956
2010-11-11,1,0.209,0.297
2010-11-11,2,0.221,0.285
2010-11-11,3,0.142,0.193
2010-11-11,4,0.135,0.188
2010-11-11,5,0.176,0.351
2010-11-11,6,0.122,0.158
2010-11-11,7,0.119,0.232
2010-11-11,8,0.855,1.805
2010-11-11,9,0.302,0.421
2010-11-11,10,0.266,0.786
2010-11-11,11,0.184,0.382
2010-11-11,12,0.133,0.171
2010-11-11,13,0.204,0.256
2010-11-11,14,0.18,0.267
2010-11-11,15,0.17,0.215
2010-11-11,16,0.144,0.147
2010-11-11,17,0.303,0.929
2010-11-11,18,0.247,1.465
2010-11-11,19,0.428,1.454
2010-11-11,20,1.344,2.995
2010-11-11,21,1.521,1.826
2010-11-11,22,1.228,1.542
2010-11-11,23,1.477,1.485
2010-11-11,24,1.716,2.181
2010-11-12,1,0.504,1.658
2010-11-12,2,0.129,0.141
2010-11-12,3,0.18,0.264
2010-11-12,4,0.214,0.28
2010-11-12,5,0.152,0.227
2010-11-12,6,0.172,0.197
2010-11-12,7,0.235,0.293
2010-11-12,8,0.893,3.621
2010-11-12,9,0.6,1.117
2010-11-12,10,1.269,2.803
2010-11-12,11,1.061,1.708
2010-11-12,12,1.175,1.809
2010-11-12,13,0.58,1.085
2010-11-12,14,0.186,0.233
2010-11-12,15,0.159,0.161
2010-11-12,16,0.273,0.327
2010-11-12,17,0.16,0.864
2010-11-12,18,3.022,3.558
2010-11-12,19,0.948,3.247
2010-11-12,20,0.753,1.493
2010-11-12,21,3.126,3.331
2010-11-12,22,1.058,1.526
2010-11-12,23,0.885,1.118
2010-11-12,24,0.216,1.119
2010-11-13,1,0.161,0.186
2010-11-13,2,0.288,0.319
2010-11-13,3,0.146,0.146
2010-11-13,4,0.148,0.223
2010-11-13,5,0.211,0.27
2010-11-13,6,0.141,0.213
2010-11-13,7,0.121,0.231
2010-11-13,8,0.786,1.83
2010-11-13,9,0.321,0.596
2010-11-13,10,0.367,0.888
2010-11-13,11,0.268,0.452
2010-11-13,12,0.243,0.31
2010-11-13,13,0.966,1.483
2010-11-13,14,0.592,0.956
2010-11-13,15,0.293,0.523
2010-11-13,16,0.415,0.786
2010-11-13,17,0.478,1.394
2010-11-13,18,1.465,1.48
2010-11-13,19,4.332,4.565
2010-11-13,20,1.733,1.918
2010-11-13,21,1.401,2.154
2010-11-13,22,0.834,1.562
2010-11-13,23,0.905,1.144
2010-11-13,24,0.833,1.121
2010-11-14,1,0.694,0.713
2010-11-14,2,0.622,0.683
2010-11-14,3,0.51,0.8
2010-11-14,4,0.123,0.126
2010-11-14,5,0.201,0.21
2010-11-14,6,0.239,0.254
2010-11-14,7,0.153,0.229
2010-11-14,8,0.689,2.092
2010-11-14,9,0.221,0.398
2010-11-14,10,0.213,0.375
2010-11-14,11,0.598,0.726
2010-11-14,12,0.39,0.53
2010-11-14,13,0.354,1.001
2010-11-14,14,0.225,0.265
2010-11-14,15,0.374,0.409
2010-11-14,16,0.382,0.572
2010-11-14,17,0.432,1.519
2010-11-14,18,5.539,6.48
2010-11-14,19,1.788,6.674
2010-11-14,20,1.919,2.281
2010-11-14,21,1.27,1.373
2010-11-14,22,1.271,1.489
2010-11-14,23,1.43,1.581
2010-11-14,24,1.375,1.468
2010-11-15,1,0.403,0.459
2010-11-15,2,0.149,0.207
2010-11-15,3,0.137,0.158
2010-11-15,4,0.229,0.269
2010-11-15,5,0.122,0.224
2010-11-15,6,0.185,0.208
2010-11-15,7,0.121,0.14
2010-11-15,8,0.898,3.118
2010-11-15,9,0.804,1.763
2010-11-15,10,0.189,0.374
2010-11-15,11,0.265,0.275
2010-11-15,12,0.133,0.14
2010-11-15,13,0.153,0.209
2010-11-15,14,0.14,0.215
2010-11-15,15,0.217,0.269
2010-11-15,16,0.124,0.145
2010-11-15,17,0.123,0.915
2010-11-15,18,0.508,1.967
2010-11-15,19,0.68,0.693
2010-11-15,20,0.884,1.815
2010-11-15,21,1.383,1.59
2010-11-15,22,1.283,1.317
2010-11-15,23,1.631,2.164
2010-11-15,24,1.594,1.623
2010-11-16,1,0.223,0.42
2010-11-16,2,0.148,0.208
2010-11-16,3,0.144,0.211
2010-11-16,4,0.159,0.365
2010-11-16,5,0.121,0.141
2010-11-16,6,0.177,0.191
2010-11-16,7,0.21,0.258
2010-11-16,8,0.933,2.211
2010-11-16,9,0.243,0.461
2010-11-16,10,0.391,1.48
2010-11-16,11,0.458,1.263
2010-11-16,12,0.154,0.185
2010-11-16,13,0.144,0.186
2010-11-16,14,0.209,0.296
2010-11-16,15,0.239,0.28
2010-11-16,16,1.148,1.207
2010-11-16,17,1.275,1.984
2010-11-16,18,1.358,1.682
2010-11-16,19,1.506,1.569
2010-11-16,20,1.714,2.319
2010-11-16,21,1.479,1.533
2010-11-16,22,1.226,1.48
2010-11-16,23,0.491,0.642
2010-11-16,24,0.783,0.887
2010-11-17,1,0.276,0.43
2010-11-17,2,0.159,0.196
2010-11-17,3,0.166,0.263
2010-11-17,4,0.235,0.299
2010-11-17,5,0.178,0.233
2010-11-17,6,0.139,0.159
2010-11-17,7,0.303,0.379
2010-11-17,8,0.789,1.372
2010-11-17,9,0.267,0.538
2010-11-17,10,0.468,0.664
2010-11-17,11,0.213,0.241
2010-11-17,12,0.163,0.168
2010-11-17,13,0.17,0.379
2010-11-17,14,0.157,0.258
2010-11-17,15,0.148,0.23
2010-11-17,16,0.204,0.215
2010-11-17,17,0.288,0.799
2010-11-17,18,0.291,1.95
2010-11-17,19,0.795,1.29
2010-11-17,20,0.708,1.132
2010-11-17,21,1.518,2.728
2010-11-17,22,1.597,2.122
2010-11-17,23,1.285,1.829
2010-11-17,24,0.852,1.075
2010-11-18,1,0.342,1.04
2010-11-18,2,0.22,0.243
2010-11-18,3,0.239,0.298
2010-11-18,4,0.165,0.212
2010-11-18,5,0.164,0.22
2010-11-18,6,0.195,0.385
2010-11-18,7,0.144,0.197
2010-11-18,8,0.296,0.321
2010-11-18,9,0.377,0.614
2010-11-18,10,0.935,1.774
2010-11-18,11,1.226,1.92
2010-11-18,12,0.236,0.644
2010-11-18,13,0.152,0.153
2010-11-18,14,0.207,0.33
2010-11-18,15,0.261,0.376
2010-11-18,16,0.278,0.34
2010-11-18,17,0.329,1.013
2010-11-18,18,1.208,1.657
2010-11-18,19,1.21,1.748
2010-11-18,20,0.874,1.128
2010-11-18,21,0.77,1.984
2010-11-18,22,0.635,2.348
2010-11-18,23,0.646,1.267
2010-11-18,24,1.291,1.4
2010-11-19,1,0.214,0.487
2010-11-19,2,0.149,0.158
2010-11-19,3,0.222,0.261
2010-11-19,4,0.143,0.238
2010-11-19,5,0.182,0.195
2010-11-19,6,0.162,0.263
2010-11-19,7,0.23,0.232
2010-11-19,8,0.95,1.492
2010-11-19,9,0.228,1.536
2010-11-19,10,1.134,2.149
2010-11-19,11,1.287,1.652
2010-11-19,12,1.552,1.896
2010-11-19,13,0.564,0.798
2010-11-19,14,0.131,0.237
2010-11-19,15,0.142,0.287
2010-11-19,16,0.141,0.28
2010-11-19,17,0.14,0.89
2010-11-19,18,3.052,3.09
2010-11-19,19,0.233,2.56
2010-11-19,20,0.173,0.285
2010-11-19,21,0.173,0.195
2010-11-19,22,0.235,0.386
2010-11-19,23,0.176,0.176
2010-11-19,24,0.177,0.274
2010-11-20,1,0.651,1.012
2010-11-20,2,0.276,0.505
2010-11-20,3,0.225,0.239
2010-11-20,4,0.378,0.388
2010-11-20,5,0.237,0.248
2010-11-20,6,0.228,0.325
2010-11-20,7,0.321,0.404
2010-11-20,8,0.231,0.382
2010-11-20,9,0.234,0.343
2010-11-20,10,0.284,0.391
2010-11-20,11,0.255,0.316
2010-11-20,12,0.255,0.391
2010-11-20,13,0.318,0.446
2010-11-20,14,0.252,0.277
2010-11-20,15,0.442,0.515
2010-11-20,16,0.139,0.251
2010-11-20,17,0.253,0.271
2010-11-20,18,1.63,1.648
2010-11-20,19,1.491,1.887
2010-11-20,20,1.545,3.207
2010-11-20,21,1.757,1.96
2010-11-20,22,1.44,1.88
2010-11-20,23,0.979,1.783
2010-11-20,24,0.69,1.494
2010-11-21,1,0.182,0.338
2010-11-21,2,0.192,0.215
2010-11-21,3,0.33,0.413
2010-11-21,4,0.227,0.258
2010-11-21,5,0.133,0.152
2010-11-21,6,0.257,0.31
2010-11-21,7,0.139,0.176
2010-11-21,8,0.747,2.794
2010-11-21,9,0.415,0.456
2010-11-21,10,0.127,0.181
2010-11-21,11,0.7,0.773
2010-11-21,12,0.243,0.4
2010-11-21,13,0.263,0.35
2010-11-21,14,0.26,0.441
2010-11-21,15,0.428,0.642
2010-11-21,16,0.447,0.71
2010-11-21,17,1.387,1.414
2010-11-21,18,1.517,2.024
2010-11-21,19,2.049,3.028
2010-11-21,20,1.365,1.464
2010-11-21,21,1.612,2.476
2010-11-21,22,1.732,2.26
2010-11-21,23,1.325,3.469
2010-11-21,24,0.268,1.834
2010-11-22,1,0.18,0.277
2010-11-22,2,0.558,1.642
2010-11-22,3,0.214,0.277
2010-11-22,4,0.155,0.239
2010-11-22,5,0.145,0.151
2010-11-22,6,0.927,1.519
2010-11-22,7,0.165,0.171
2010-11-22,8,0.13,0.217
2010-11-22,9,0.375,0.706
2010-11-22,10,0.217,0.384
2010-11-22,11,0.146,0.242
2010-11-22,12,0.207,0.245
2010-11-22,13,0.14,0.172
2010-11-22,14,0.14,0.21
2010-11-22,15,0.225,0.227
2010-11-22,16,0.178,0.215
2010-11-22,17,0.144,0.829
2010-11-22,18,0.638,2.859
2010-11-22,19,0.898,1.916
2010-11-22,20,2.334,2.672
2010-11-22,21,1.466,1.497
2010-11-22,22,1.329,1.346
2010-11-22,23,1.407,1.688
2010-11-22,24,0.243,0.373
2010-11-23,1,0.208,0.278
2010-11-23,2,0.186,0.209
2010-11-23,3,0.186,0.274
2010-11-23,4,0.157,0.266
2010-11-23,5,0.165,0.182
2010-11-23,6,0.277,0.301
2010-11-23,7,0.162,0.182
2010-11-23,8,0.793,1.314
2010-11-23,9,0.458,0.521
2010-11-23,10,0.257,0.292
2010-11-23,11,0.55,0.635
2010-11-23,12,0.272,0.366
2010-11-23,13,0.214,0.22
2010-11-23,14,0.201,0.44
2010-11-23,15,0.358,0.555
2010-11-23,16,0.592,0.623
2010-11-23,17,0.423,0.82
2010-11-23,18,1.037,1.214
2010-11-23,19,1.12,1.274
2010-11-23,20,1.848,2.03
2010-11-23,21,1.331,2.616
2010-11-23,22,0.93,1.008
2010-11-23,23,1.109,2.37
2010-11-23,24,0.723,1.288
2010-11-24,1,0.181,0.273
2010-11-24,2,0.215,0.313
2010-11-24,3,0.204,0.237
2010-11-24,4,0.16,0.183
2010-11-24,5,0.266,0.305
2010-11-24,6,0.149,0.158
2010-11-24,7,0.142,0.252
2010-11-24,8,0.92,2.02
2010-11-24,9,0.252,0.629
2010-11-24,10,0.225,0.268
2010-11-24,11,0.17,0.286
2010-11-24,12,0.148,0.227
2010-11-24,13,0.166,0.205
2010-11-24,14,0.221,0.258
2010-11-24,15,0.202,0.224
2010-11-24,16,0.139,0.159
2010-11-24,17,0.205,0.986
2010-11-24,18,0.288,1.811
2010-11-24,19,0.28,2.587
2010-11-24,20,4.11,4.764
2010-11-24,21,1.128,1.609
2010-11-24,22,1.208,1.665
2010-11-24,23,1.22,1.228
2010-11-24,24,1.371,1.603
2010-11-25,1,0.393,0.412
2010-11-25,2,0.27,0.335
2010-11-25,3,0.134,0.151
2010-11-25,4,0.305,0.319
2010-11-25,5,0.15,0.162
2010-11-25,6,0.168,0.18
2010-11-25,7,0.192,0.396
2010-11-25,8,0.806,1.457
2010-11-25,9,0.299,0.718
2010-11-25,10,0.227,0.62
2010-11-25,11,0.133,0.243
2010-11-25,12,0.124,0.15
2010-11-25,13,0.203,0.286
2010-11-25,14,0.134,0.229
2010-11-25,15,0.136,0.141
2010-11-25,16,0.181,0.343
2010-11-25,17,0.186,0.903
2010-11-25,18,0.315,1.831
2010-11-25,19,0.278,0.344
2010-11-25,20,0.307,0.391
2010-11-25,21,0.21,0.285
2010-11-25,22,0.757,2.319
2010-11-25,23,1.047,1.442
2010-11-25,24,0.326,1.456
2010-11-26,1,0.181,0.23
2010-11-26,2,0.177,0.351
2010-11-26,3,0.123,0.142
2010-11-26,4,0.196,0.219
2010-11-26,5,0.254,0.254
2010-11-26,6,0.145,0.195
2010-11-26,7,0.145,0.227
2010-11-26,8,0.795,2.212
2010-11-26,9,0.746,1.478
2010-11-26,10,1.218,1.342
2010-11-26,11,0.533,0.792
2010-11-26,12,1.383,1.651
2010-11-26,13,0.461,1.311
2010-11-26,14,0.165,0.464
2010-11-26,15,0.345,0.547
2010-11-26,16,0.244,0.336
2010-11-26,17,0.306,1.425
2010-11-26,18,4.39,4.707
2010-11-26,19,1.89,3.877
2010-11-26,20,2.277,2.55
2010-11-26,21,1.585,1.728
2010-11-26,22,1.05,1.447
2010-11-26,23,0.847,0.886
2010-11-26,24,0.632,0.67
2010-11-27,1,0.243,0.437
2010-11-27,2,0.254,0.304
2010-11-27,3,0.142,0.156
2010-11-27,4,0.163,0.251
2010-11-27,5,0.164,0.279
2010-11-27,6,0.151,0.16
2010-11-27,7,0.196,0.202
2010-11-27,8,0.735,1.632
2010-11-27,9,0.259,0.266
2010-11-27,10,0.274,0.338
2010-11-27,11,0.803,0.873
2010-11-27,12,0.298,0.508
2010-11-27,13,0.296,0.813
2010-11-27,14,0.257,0.309
2010-11-27,15,0.405,1.988
2010-11-27,16,0.24,1.788
2010-11-27,17,0.325,1.452
2010-11-27,18,2.004,3.659
2010-11-27,19,1.349,3.972
2010-11-27,20,3.744,4.271
2010-11-27,21,1.569,1.652
2010-11-27,22,0.784,1.143
2010-11-27,23,1.244,2.588
2010-11-27,24,1.257,1.433
2010-11-28,1,0.217,0.304
2010-11-28,2,0.157,0.171
2010-11-28,3,0.197,0.241
2010-11-28,4,0.219,0.277
2010-11-28,5,0.139,0.254
2010-11-28,6,0.152,0.173
2010-11-28,7,0.23,0.24
2010-11-28,8,0.864,3.044
2010-11-28,9,0.233,0.597
2010-11-28,10,0.392,0.684
2010-11-28,11,0.626,1.226
2010-11-28,12,0.332,0.614
2010-11-28,13,0.322,0.451
2010-11-28,14,0.397,0.495
2010-11-28,15,1.527,1.835
2010-11-28,16,0.441,0.622
2010-11-28,17,0.674,3.032
2010-11-28,18,3.801,5.012
2010-11-28,19,3.067,3.395
2010-11-28,20,1.388,1.415
2010-11-28,21,0.885,0.888
2010-11-28,22,0.793,1.114
2010-11-28,23,1.089,1.651
2010-11-28,24,0.192,0.217
2010-11-29,1,0.287,0.38
2010-11-29,2,0.153,0.163
2010-11-29,3,0.134,0.216
2010-11-29,4,0.179,0.351
2010-11-29,5,0.133,0.151
2010-11-29,6,0.151,0.236
2010-11-29,7,0.197,0.276
2010-11-29,8,0.866,3.077
2010-11-29,9,0.523,0.594
2010-11-29,10,0.168,0.549
2010-11-29,11,0.2,0.278
2010-11-29,12,0.137,0.246
2010-11-29,13,0.136,0.154
2010-11-29,14,0.153,0.233
2010-11-29,15,0.187,0.318
2010-11-29,16,0.13,0.151
2010-11-29,17,0.156,0.936
2010-11-29,18,0.257,2.827
2010-11-29,19,0.871,1.035
2010-11-29,20,0.965,0.971
2010-11-29,21,1.067,2.405
2010-11-29,22,1.089,1.138
2010-11-29,23,1.376,1.569
2010-11-29,24,0.787,1.307
2010-11-30,1,0.326,0.358
2010-11-30,2,0.17,0.273
2010-11-30,3,0.153,0.18
2010-11-30,4,0.174,0.274
2010-11-30,5,0.187,0.295
2010-11-30,6,0.171,0.203
2010-11-30,7,0.209,0.232
2010-11-30,8,0.844,1.915
2010-11-30,9,0.323,0.469
2010-11-30,10,0.247,0.365
2010-11-30,11,0.222,0.24
2010-11-30,12,0.261,0.332
2010-11-30,13,0.403,0.614
2010-11-30,14,0.308,0.371
2010-11-30,15,0.273,0.275
2010-11-30,16,0.297,0.464
2010-11-30,17,0.597,0.686
2010-11-30,18,0.409,0.682
2010-11-30,19,0.865,0.939
2010-11-30,20,0.762,0.897
2010-11-30,21,0.812,2.34
2010-11-30,22,0.72,1.677
2010-11-30,23,1.061,1.115
2010-11-30,24,1.006,1.06
2010-12-01,1,1.103,1.819
2010-12-01,2,0.254,0.899
2010-12-01,3,0.144,0.149
2010-12-01,4,0.201,0.261
2010-12-01,5,0.182,0.234
2010-12-01,6,0.135,0.152
2010-12-01,7,0.156,0.187
2010-12-01,8,1.115,2.108
2010-12-01,9,0.518,0.596
2010-12-01,10,0.224,0.317
2010-12-01,11,0.179,0.264
2010-12-01,12,0.132,0.217
2010-12-01,13,0.202,0.204
2010-12-01,14,0.131,0.15
2010-12-01,15,0.215,0.255
2010-12-01,16,0.176,0.224
2010-12-01,17,0.785,1.391
2010-12-01,18,0.75,1.727
2010-12-01,19,1.228,1.336
2010-12-01,20,1.64,2.674
2010-12-01,21,0.708,0.903
2010-12-01,22,0.594,0.762
2010-12-01,23,1.235,1.322
2010-12-01,24,0.513,1.292
2010-12-02,1,0.199,0.351
2010-12-02,2,0.179,0.255
2010-12-02,3,0.147,0.186
2010-12-02,4,0.236,0.258
2010-12-02,5,0.165,0.254
2010-12-02,6,0.151,0.164
2010-12-02,7,0.146,0.192
2010-12-02,8,1.048,1.856
2010-12-02,9,0.506,0.53
2010-12-02,10,0.249,0.856
2010-12-02,11,0.483,1.54
2010-12-02,12,0.456,0.471
2010-12-02,13,2.262,3.087
2010-12-02,14,0.257,0.294
2010-12-02,15,0.374,0.406
2010-12-02,16,0.272,0.322
2010-12-02,17,0.406,1.215
2010-12-02,18,1.778,1.921
2010-12-02,19,1.547,1.741
2010-12-02,20,1.83,3.974
2010-12-02,21,1.086,2.484
2010-12-02,22,0.763,1.016
2010-12-02,23,1.41,1.424
2010-12-02,24,0.243,0.554
2010-12-03,1,0.249,0.388
2010-12-03,2,0.142,0.177
2010-12-03,3,0.136,0.154
2010-12-03,4,0.272,0.31
2010-12-03,5,0.134,0.153
2010-12-03,6,0.136,0.166
2010-12-03,7,0.235,0.317
2010-12-03,8,0.362,1.982
2010-12-03,9,0.377,1.252
2010-12-03,10,1.179,2.929
2010-12-03,11,1.577,1.604
2010-12-03,12,0.776,0.918
2010-12-03,13,0.139,0.167
2010-12-03,14,0.841,1.659
2010-12-03,15,0.223,0.53
2010-12-03,16,0.403,0.435
2010-12-03,17,0.867,1.478
2010-12-03,18,0.978,3.448
2010-12-03,19,0.444,0.698
2010-12-03,20,0.359,0.38
2010-12-03,21,0.163,0.208
2010-12-03,22,0.193,0.262
2010-12-03,23,0.195,0.314
2010-12-03,24,0.195,0.245
2010-12-04,1,0.175,0.223
2010-12-04,2,0.136,0.17
2010-12-04,3,0.262,0.276
2010-12-04,4,0.149,0.155
2010-12-04,5,0.131,0.15
2010-12-04,6,0.169,0.235
2010-12-04,7,0.168,0.283
2010-12-04,8,0.771,2.36
2010-12-04,9,0.29,0.312
2010-12-04,10,0.155,0.193
2010-12-04,11,0.234,0.261
2010-12-04,12,0.153,0.214
2010-12-04,13,0.132,0.932
2010-12-04,14,0.314,0.396
2010-12-04,15,0.409,2.027
2010-12-04,16,1.814,2.416
2010-12-04,17,1.452,1.877
2010-12-04,18,0.792,1.817
2010-12-04,19,0.751,1.088
2010-12-04,20,0.774,1.737
2010-12-04,21,0.636,0.709
2010-12-04,22,0.616,0.691
2010-12-04,23,0.594,0.737
2010-12-04,24,0.639,0.743
2010-12-05,1,0.615,0.615
2010-12-05,2,1.354,1.41
2010-12-05,3,0.2,0.36
2010-12-05,4,0.218,0.233
2010-12-05,5,0.412,0.426
2010-12-05,6,0.254,0.271
2010-12-05,7,0.251,0.28
2010-12-05,8,0.411,0.438
2010-12-05,9,0.356,0.36
2010-12-05,10,0.372,0.423
2010-12-05,11,0.301,0.773
2010-12-05,12,0.38,0.399
2010-12-05,13,0.436,2.163
2010-12-05,14,0.251,1.601
2010-12-05,15,0.174,0.232
2010-12-05,16,0.214,0.223
2010-12-05,17,0.367,1.05
2010-12-05,18,0.862,1.09
2010-12-05,19,2.36,3.399
2010-12-05,20,1.786,2.51
2010-12-05,21,0.881,1.282
2010-12-05,22,1.08,1.191
2010-12-05,23,0.444,1.597
2010-12-05,24,0.17,0.191
2010-12-06,1,0.31,0.326
2010-12-06,2,0.132,0.184
2010-12-06,3,0.141,0.15
2010-12-06,4,0.261,0.303
2010-12-06,5,0.131,0.149
2010-12-06,6,0.132,0.15
2010-12-06,7,0.264,0.307
2010-12-06,8,0.877,3.019
2010-12-06,9,0.553,2.235
2010-12-06,10,0.235,0.32
2010-12-06,11,0.131,0.175
2010-12-06,12,0.151,0.164
2010-12-06,13,0.16,0.248
2010-12-06,14,0.0,0.273
2010-12-06,15,0.067,0.317
2010-12-06,16,0.154,0.185
2010-12-06,17,0.135,0.153
2010-12-06,18,0.144,1.066
2010-12-06,19,0.393,2.809
2010-12-06,20,0.861,2.656
2010-12-06,21,2.451,2.468
2010-12-06,22,1.254,1.353
2010-12-06,23,1.601,1.827
2010-12-06,24,0.23,1.206
2010-12-07,1,0.171,0.188
2010-12-07,2,0.307,0.341
2010-12-07,3,0.149,0.152
2010-12-07,4,0.139,0.184
2010-12-07,5,0.262,0.299
2010-12-07,6,0.157,0.16
2010-12-07,7,0.138,0.2
2010-12-07,8,1.753,2.452
2010-12-07,9,0.286,0.36
2010-12-07,10,0.242,0.341
2010-12-07,11,0.271,0.275
2010-12-07,12,0.404,0.543
2010-12-07,13,0.308,0.347
2010-12-07,14,0.283,0.864
2010-12-07,15,0.399,0.455
2010-12-07,16,0.249,0.337
2010-12-07,17,0.23,0.592
2010-12-07,18,0.897,0.97
2010-12-07,19,0.899,0.915
2010-12-07,20,2.046,3.1
2010-12-07,21,0.747,1.354
2010-12-07,22,0.505,0.507
2010-12-07,23,0.688,1.266
2010-12-07,24,0.191,0.284
2010-12-08,1,0.218,0.266
2010-12-08,2,0.236,0.32
2010-12-08,3,0.158,0.167
2010-12-08,4,0.198,0.217
2010-12-08,5,0.14,0.321
2010-12-08,6,0.159,0.19
2010-12-08,7,0.165,0.242
2010-12-08,8,0.927,1.775
2010-12-08,9,0.358,0.634
2010-12-08,10,0.147,0.556
2010-12-08,11,0.132,0.149
2010-12-08,12,0.248,0.33
2010-12-08,13,0.138,0.151
2010-12-08,14,0.143,0.146
2010-12-08,15,0.2,0.67
2010-12-08,16,0.286,0.738
2010-12-08,17,0.263,1.762
2010-12-08,18,0.378,1.378
2010-12-08,19,0.868,0.919
2010-12-08,20,0.671,1.053
2010-12-08,21,0.534,0.546
2010-12-08,22,0.625,0.727
2010-12-08,23,0.556,0.615
2010-12-08,24,0.949,1.064
2010-12-09,1,0.315,0.424
2010-12-09,2,0.17,0.19
2010-12-09,3,0.147,0.224
2010-12-09,4,0.244,0.271
2010-12-09,5,0.134,0.152
2010-12-09,6,0.152,0.264
2010-12-09,7,0.171,0.196
2010-12-09,8,0.368,1.674
2010-12-09,9,0.303,0.586
2010-12-09,10,0.503,0.648
2010-12-09,11,0.343,0.492
2010-12-09,12,0.351,1.0
2010-12-09,13,0.252,0.274
2010-12-09,14,0.351,0.401
2010-12-09,15,0.234,0.253
2010-12-09,16,0.311,0.939
2010-12-09,17,1.069,1.434
2010-12-09,18,1.137,1.316
2010-12-09,19,1.413,2.413
2010-12-09,20,1.732,2.17
2010-12-09,21,1.999,2.547
2010-12-09,22,1.375,1.395
2010-12-09,23,1.53,2.728
2010-12-09,24,0.376,1.767
2010-12-10,1,0.202,0.376
2010-12-10,2,0.187,0.189
2010-12-10,3,0.258,0.319
2010-12-10,4,0.153,0.154
2010-12-10,5,0.135,0.233
2010-12-10,6,0.135,0.355
2010-12-10,7,0.153,0.155
2010-12-10,8,1.632,1.876
2010-12-10,9,0.446,1.279
2010-12-10,10,1.194,1.568
2010-12-10,11,1.57,1.691
2010-12-10,12,1.627,2.042
2010-12-10,13,0.151,1.219
2010-12-10,14,0.231,0.242
2010-12-10,15,0.157,0.257
2010-12-10,16,0.132,0.151
2010-12-10,17,0.28,1.727
2010-12-10,18,1.559,3.668
2010-12-10,19,0.94,1.056
2010-12-10,20,1.026,1.057
2010-12-10,21,0.912,2.772
2010-12-10,22,1.162,2.576
2010-12-10,23,0.593,1.134
2010-12-10,24,0.482,1.082
2010-12-11,1,0.333,0.611
2010-12-11,2,0.169,0.193
2010-12-11,3,0.156,0.384
2010-12-11,4,0.152,0.197
2010-12-11,5,0.154,0.179
2010-12-11,6,0.27,0.284
2010-12-11,7,0.137,0.181
2010-12-11,8,1.087,1.739
2010-12-11,9,0.354,0.602
2010-12-11,10,0.244,0.759
2010-12-11,11,0.133,0.153
2010-12-11,12,0.278,0.279
2010-12-11,13,0.139,0.172
2010-12-11,14,0.158,0.204
2010-12-11,15,0.28,0.322
2010-12-11,16,0.762,0.979
2010-12-11,17,0.929,2.43
2010-12-11,18,1.035,1.58
2010-12-11,19,1.079,1.107
2010-12-11,20,0.54,1.735
2010-12-11,21,0.353,0.515
2010-12-11,22,0.298,0.305
2010-12-11,23,0.376,0.472
2010-12-11,24,0.359,0.802
2010-12-12,1,0.222,0.261
2010-12-12,2,0.229,0.289
2010-12-12,3,0.168,0.241
2010-12-12,4,0.135,0.155
2010-12-12,5,0.207,0.359
2010-12-12,6,0.155,0.16
2010-12-12,7,0.142,0.199
2010-12-12,8,0.881,1.721
2010-12-12,9,0.268,0.395
2010-12-12,10,0.195,0.728
2010-12-12,11,0.178,0.322
2010-12-12,12,0.283,0.31
2010-12-12,13,0.371,0.578
2010-12-12,14,0.378,0.557
2010-12-12,15,0.386,0.876
2010-12-12,16,0.589,0.872
2010-12-12,17,0.51,1.901
2010-12-12,18,0.835,1.533
2010-12-12,19,0.938,3.955
2010-12-12,20,2.013,4.294
2010-12-12,21,1.621,2.117
2010-12-12,22,0.719,0.885
2010-12-12,23,0.97,1.014
2010-12-12,24,0.262,0.466
2010-12-13,1,0.175,0.201
2010-12-13,2,0.229,0.284
2010-12-13,3,0.155,0.263
2010-12-13,4,0.169,0.224
2010-12-13,5,0.154,0.246
2010-12-13,6,0.22,0.265
2010-12-13,7,0.135,0.154
2010-12-13,8,1.467,2.475
2010-12-13,9,0.364,0.69
2010-12-13,10,0.238,0.673
2010-12-13,11,0.198,0.267
2010-12-13,12,0.189,0.206
2010-12-13,13,0.136,0.228
2010-12-13,14,0.151,0.23
2010-12-13,15,0.159,0.324
2010-12-13,16,0.133,0.15
2010-12-13,17,0.201,1.604
2010-12-13,18,0.849,2.992
2010-12-13,19,0.288,1.377
2010-12-13,20,2.04,2.621
2010-12-13,21,1.376,2.489
2010-12-13,22,1.485,1.638
2010-12-13,23,1.392,1.664
2010-12-13,24,0.24,0.579
2010-12-14,1,0.241,0.416
2010-12-14,2,0.175,0.219
2010-12-14,3,0.154,0.314
2010-12-14,4,0.165,0.314
2010-12-14,5,0.155,0.174
2010-12-14,6,0.266,0.343
2010-12-14,7,0.175,0.186
2010-12-14,8,1.584,2.754
2010-12-14,9,0.381,0.432
2010-12-14,10,0.159,0.232
2010-12-14,11,0.155,0.241
2010-12-14,12,0.264,0.497
2010-12-14,13,0.22,0.325
2010-12-14,14,0.361,0.377
2010-12-14,15,0.193,0.254
2010-12-14,16,0.156,0.255
2010-12-14,17,0.157,1.872
2010-12-14,18,0.347,1.338
2010-12-14,19,0.196,0.479
2010-12-14,20,0.491,1.042
2010-12-14,21,1.15,2.665
2010-12-14,22,1.209,2.756
2010-12-14,23,1.133,1.278
2010-12-14,24,1.112,1.26
2010-12-15,1,0.245,0.443
2010-12-15,2,0.159,0.257
2010-12-15,3,0.201,0.26
2010-12-15,4,0.179,0.259
2010-12-15,5,0.171,0.177
2010-12-15,6,0.155,0.304
2010-12-15,7,0.268,0.319
2010-12-15,8,0.538,1.836
2010-12-15,9,0.256,0.901
2010-12-15,10,0.166,0.746
2010-12-15,11,0.165,0.174
2010-12-15,12,0.213,0.22
2010-12-15,13,0.2,0.289
2010-12-15,14,0.165,0.195
2010-12-15,15,0.246,0.298
2010-12-15,16,0.297,0.582
2010-12-15,17,0.257,1.875
2010-12-15,18,0.305,0.91
2010-12-15,19,0.255,0.307
2010-12-15,20,1.817,2.74
2010-12-15,21,0.996,1.872
2010-12-15,22,1.715,1.763
2010-12-15,23,1.209,1.663
2010-12-15,24,1.202,1.408
2010-12-16,1,0.406,1.234
2010-12-16,2,0.175,0.249
2010-12-16,3,0.165,0.244
2010-12-16,4,0.187,0.285
2010-12-16,5,0.214,0.269
2010-12-16,6,0.165,0.179
2010-12-16,7,0.169,0.374
2010-12-16,8,0.307,0.43
2010-12-16,9,0.248,0.322
2010-12-16,10,0.53,0.566
2010-12-16,11,0.248,0.867
2010-12-16,12,0.228,0.262
2010-12-16,13,0.273,0.278
2010-12-16,14,0.467,0.507
2010-12-16,15,0.269,0.455
2010-12-16,16,0.271,0.37
2010-12-16,17,0.3,1.971
2010-12-16,18,1.327,1.657
2010-12-16,19,1.643,1.874
2010-12-16,20,1.199,1.225
2010-12-16,21,2.737,3.558
2010-12-16,22,1.765,1.822
2010-12-16,23,1.203,1.442
2010-12-16,24,0.707,1.792
2010-12-17,1,0.254,1.628
2010-12-17,2,0.181,0.253
2010-12-17,3,0.173,0.284
2010-12-17,4,0.144,0.25
2010-12-17,5,0.158,0.17
2010-12-17,6,0.2,0.28
2010-12-17,7,0.205,0.296
2010-12-17,8,0.875,1.685
2010-12-17,9,0.799,1.635
2010-12-17,10,0.742,0.908
2010-12-17,11,0.783,1.044
2010-12-17,12,0.577,1.126
2010-12-17,13,0.185,0.516
2010-12-17,14,0.137,0.145
2010-12-17,15,0.199,0.311
2010-12-17,16,0.141,0.194
2010-12-17,17,0.154,1.85
2010-12-17,18,2.988,3.035
2010-12-17,19,1.279,2.273
2010-12-17,20,1.781,2.067
2010-12-17,21,1.108,2.22
2010-12-17,22,1.213,2.774
2010-12-17,23,1.093,1.159
2010-12-17,24,1.145,1.394
2010-12-18,1,0.352,0.376
2010-12-18,2,0.188,0.315
2010-12-18,3,0.174,0.183
2010-12-18,4,0.254,0.309
2010-12-18,5,0.15,0.251
2010-12-18,6,0.208,0.271
2010-12-18,7,0.146,0.263
2010-12-18,8,1.162,1.91
2010-12-18,9,0.159,0.287
2010-12-18,10,0.237,0.239
2010-12-18,11,0.282,1.762
2010-12-18,12,0.505,0.54
2010-12-18,13,0.282,0.617
2010-12-18,14,0.307,0.438
2010-12-18,15,0.319,0.442
2010-12-18,16,0.929,1.418
2010-12-18,17,1.074,1.141
2010-12-18,18,1.129,1.76
2010-12-18,19,3.125,3.788
2010-12-18,20,3.837,4.4
2010-12-18,21,1.093,1.171
2010-12-18,22,1.303,2.431
2010-12-18,23,0.425,0.728
2010-12-18,24,0.445,1.022
2010-12-19,1,0.222,0.442
2010-12-19,2,0.184,0.214
2010-12-19,3,0.214,0.225
2010-12-19,4,0.161,0.261
2010-12-19,5,0.147,0.249
2010-12-19,6,0.147,0.151
2010-12-19,7,0.347,0.355
2010-12-19,8,0.23,0.238
2010-12-19,9,0.228,0.47
2010-12-19,10,0.497,0.518
2010-12-19,11,0.259,0.266
2010-12-19,12,0.237,0.339
2010-12-19,13,0.598,1.001
2010-12-19,14,0.301,0.332
2010-12-19,15,0.254,0.661
2010-12-19,16,0.345,0.414
2010-12-19,17,0.339,0.485
2010-12-19,18,0.289,0.293
2010-12-19,19,1.682,3.386
2010-12-19,20,3.472,4.406
2010-12-19,21,1.485,3.902
2010-12-19,22,1.366,2.25
2010-12-19,23,0.477,1.504
2010-12-19,24,1.735,1.849
2010-12-20,1,0.301,1.722
2010-12-20,2,0.228,0.358
2010-12-20,3,0.148,0.311
2010-12-20,4,0.189,0.261
2010-12-20,5,0.172,0.264
2010-12-20,6,0.144,0.157
2010-12-20,7,0.142,0.367
2010-12-20,8,1.818,3.095
2010-12-20,9,0.399,1.864
2010-12-20,10,0.143,0.275
2010-12-20,11,0.142,0.322
2010-12-20,12,0.131,0.151
2010-12-20,13,0.148,0.234
2010-12-20,14,0.221,0.263
2010-12-20,15,0.136,0.172
2010-12-20,16,0.151,0.231
2010-12-20,17,0.182,1.723
2010-12-20,18,0.38,1.961
2010-12-20,19,0.274,0.292
2010-12-20,20,0.206,0.906
2010-12-20,21,1.121,2.825
2010-12-20,22,0.718,1.149
2010-12-20,23,0.748,0.751
2010-12-20,24,0.439,0.842
2010-12-21,1,0.414,0.418
2010-12-21,2,0.273,0.308
2010-12-21,3,0.285,1.167
2010-12-21,4,0.141,0.253
2010-12-21,5,0.16,0.244
2010-12-21,6,0.173,0.243
2010-12-21,7,0.157,0.255
2010-12-21,8,0.226,0.371
2010-12-21,9,0.285,0.381
2010-12-21,10,0.235,0.235
2010-12-21,11,0.33,1.225
2010-12-21,12,0.317,0.448
2010-12-21,13,0.238,0.245
2010-12-21,14,0.292,0.336
2010-12-21,15,0.318,0.698
2010-12-21,16,0.856,0.987
2010-12-21,17,0.996,1.096
2010-12-21,18,1.021,1.22
2010-12-21,19,0.92,1.241
2010-12-21,20,0.838,1.892
2010-12-21,21,2.687,2.891
2010-12-21,22,1.642,1.89
2010-12-21,23,1.56,1.618
2010-12-21,24,0.361,0.419
2010-12-22,1,0.178,0.186
2010-12-22,2,0.152,0.159
2010-12-22,3,0.245,0.287
2010-12-22,4,0.145,0.181
2010-12-22,5,0.145,0.155
2010-12-22,6,0.129,0.271
2010-12-22,7,0.272,0.302
2010-12-22,8,0.24,0.381
2010-12-22,9,0.946,1.999
2010-12-22,10,2.011,2.112
2010-12-22,11,2.742,3.597
2010-12-22,12,0.91,1.977
2010-12-22,13,0.401,0.569
2010-12-22,14,0.342,0.377
2010-12-22,15,0.268,0.408
2010-12-22,16,0.892,1.614
2010-12-22,17,1.8,4.198
2010-12-22,18,2.029,3.981
2010-12-22,19,0.553,1.337
2010-12-22,20,1.618,2.253
2010-12-22,21,2.499,3.055
2010-12-22,22,1.814,2.235
2010-12-22,23,0.994,1.778
2010-12-22,24,0.298,0.346
2010-12-23,1,0.318,0.971
2010-12-23,2,0.27,0.281
2010-12-23,3,0.175,0.244
2010-12-23,4,0.13,0.237
2010-12-23,5,0.148,0.219
2010-12-23,6,0.189,0.47
2010-12-23,7,0.24,0.54
2010-12-23,8,0.271,0.901
2010-12-23,9,1.041,1.057
2010-12-23,10,1.342,1.553
2010-12-23,11,0.922,2.006
2010-12-23,12,0.693,0.889
2010-12-23,13,0.541,1.807
2010-12-23,14,0.411,3.035
2010-12-23,15,0.384,0.404
2010-12-23,16,0.367,0.661
2010-12-23,17,0.623,0.68
2010-12-23,18,2.278,2.374
2010-12-23,19,2.357,2.42
2010-12-23,20,2.186,2.888
2010-12-23,21,1.998,2.073
2010-12-23,22,1.249,2.02
2010-12-23,23,1.093,1.223
2010-12-23,24,2.376,2.882
2010-12-24,1,0.777,1.029
2010-12-24,2,0.19,0.337
2010-12-24,3,0.22,0.241
2010-12-24,4,0.253,0.548
2010-12-24,5,0.155,0.172
2010-12-24,6,0.262,0.264
2010-12-24,7,0.169,0.196
2010-12-24,8,0.268,0.275
2010-12-24,9,0.321,0.626
2010-12-24,10,0.716,1.494
2010-12-24,11,0.335,2.125
2010-12-24,12,1.651,3.239
2010-12-24,13,1.623,2.21
2010-12-24,14,1.262,1.363
2010-12-24,15,0.432,0.886
2010-12-24,16,0.441,0.671
2010-12-24,17,0.345,0.565
2010-12-24,18,0.923,1.559
2010-12-24,19,3.029,3.205
2010-12-24,20,1.347,1.946
2010-12-24,21,1.609,1.747
2010-12-24,22,1.809,2.978
2010-12-24,23,1.717,2.132
2010-12-24,24,1.749,2.448
2010-12-25,1,0.779,1.577
2010-12-25,2,0.199,0.231
2010-12-25,3,0.2,0.283
2010-12-25,4,0.133,0.202
2010-12-25,5,0.134,0.15
2010-12-25,6,0.211,0.342
2010-12-25,7,0.17,0.185
2010-12-25,8,0.72,2.002
2010-12-25,9,0.2,0.272
2010-12-25,10,0.66,0.85
2010-12-25,11,2.261,2.733
2010-12-25,12,0.364,2.255
2010-12-25,13,2.596,4.822
2010-12-25,14,1.422,3.098
2010-12-25,15,1.495,3.192
2010-12-25,16,1.374,2.731
2010-12-25,17,2.686,4.086
2010-12-25,18,3.998,5.99
2010-12-25,19,2.255,5.685
2010-12-25,20,2.366,2.554
2010-12-25,21,2.308,3.087
2010-12-25,22,2.387,2.859
2010-12-25,23,1.64,1.796
2010-12-25,24,1.919,2.462
2010-12-26,1,0.522,1.935
2010-12-26,2,0.196,0.306
2010-12-26,3,0.134,0.291
2010-12-26,4,0.234,1.588
2010-12-26,5,0.195,0.298
2010-12-26,6,0.134,0.153
2010-12-26,7,0.165,0.254
2010-12-26,8,0.216,0.358
2010-12-26,9,0.237,0.251
2010-12-26,10,0.523,1.354
2010-12-26,11,2.928,4.403
2010-12-26,12,1.785,2.064
2010-12-26,13,2.24,3.841
2010-12-26,14,2.185,2.779
2010-12-26,15,1.826,4.587
2010-12-26,16,1.406,3.715
2010-12-26,17,1.568,1.571
2010-12-26,18,1.427,1.457
2010-12-26,19,2.372,3.363
2010-12-26,20,3.505,5.449
2010-12-26,21,1.994,3.175
2010-12-26,22,1.73,2.173
2010-12-26,23,1.486,1.672
2010-12-26,24,0.821,1.753
2010-12-27,1,0.241,0.394
2010-12-27,2,0.201,0.237
2010-12-27,3,0.237,0.283
2010-12-27,4,0.502,0.512
2010-12-27,5,0.683,0.997
2010-12-27,6,0.247,0.334
2010-12-27,7,0.297,0.396
2010-12-27,8,1.889,2.46
2010-12-27,9,0.274,0.344
2010-12-27,10,0.32,0.34
2010-12-27,11,0.229,1.037
2010-12-27,12,0.882,0.93
2010-12-27,13,0.123,0.747
2010-12-27,14,0.239,1.02
2010-12-27,15,0.153,0.162
2010-12-27,16,0.603,1.544
2010-12-27,17,1.82,3.716
2010-12-27,18,2.193,2.27
2010-12-27,19,2.158,2.289
2010-12-27,20,2.402,2.538
2010-12-27,21,2.288,2.374
2010-12-27,22,2.296,2.32
2010-12-27,23,2.466,2.473
2010-12-27,24,2.446,2.652
2010-12-28,1,2.394,2.502
2010-12-28,2,1.015,2.545
2010-12-28,3,0.176,0.49
2010-12-28,4,0.203,0.228
2010-12-28,5,0.206,0.294
2010-12-28,6,0.154,0.234
2010-12-28,7,0.152,0.176
2010-12-28,8,0.586,1.61
2010-12-28,9,0.278,0.338
2010-12-28,10,0.196,0.409
2010-12-28,11,0.354,0.914
2010-12-28,12,0.193,0.532
2010-12-28,13,0.229,1.504
2010-12-28,14,0.227,0.975
2010-12-28,15,0.219,0.492
2010-12-28,16,0.942,3.048
2010-12-28,17,1.53,1.847
2010-12-28,18,0.344,0.653
2010-12-28,19,0.17,0.336
2010-12-28,20,0.941,1.855
2010-12-28,21,1.345,1.555
2010-12-28,22,0.726,0.743
2010-12-28,23,0.854,1.471
2010-12-28,24,0.238,0.717
2010-12-29,1,0.183,0.196
2010-12-29,2,0.28,0.306
2010-12-29,3,0.167,0.197
2010-12-29,4,0.132,0.243
2010-12-29,5,0.153,0.204
2010-12-29,6,0.167,0.269
2010-12-29,7,0.15,0.221
2010-12-29,8,1.873,3.003
2010-12-29,9,0.446,1.135
2010-12-29,10,0.695,1.111
2010-12-29,11,0.269,2.392
2010-12-29,12,0.264,0.275
2010-12-29,13,0.139,0.149
2010-12-29,14,0.151,1.024
2010-12-29,15,0.142,0.28
2010-12-29,16,0.209,0.248
2010-12-29,17,0.196,0.865
2010-12-29,18,0.264,0.338
2010-12-29,19,0.449,0.904
2010-12-29,20,0.391,0.772
2010-12-29,21,1.648,3.042
2010-12-29,22,1.106,2.403
2010-12-29,23,1.468,1.555
2010-12-29,24,0.882,1.613
2010-12-30,1,0.498,0.502
2010-12-30,2,0.303,0.316
2010-12-30,3,0.295,0.374
2010-12-30,4,0.171,0.398
2010-12-30,5,0.134,0.183
2010-12-30,6,0.186,0.301
2010-12-30,7,0.128,0.274
2010-12-30,8,0.337,1.413
2010-12-30,9,0.275,0.317
2010-12-30,10,0.259,0.344
2010-12-30,11,0.833,1.41
2010-12-30,12,0.877,1.936
2010-12-30,13,0.829,0.87
2010-12-30,14,0.942,2.636
2010-12-30,15,0.457,1.171
2010-12-30,16,0.498,0.686
2010-12-30,17,1.372,1.672
2010-12-30,18,0.418,0.488
2010-12-30,19,0.419,1.749
2010-12-30,20,1.795,1.916
2010-12-30,21,3.789,3.886
2010-12-30,22,1.154,1.755
2010-12-30,23,0.985,1.145
2010-12-30,24,1.106,2.593
2010-12-31,1,1.381,1.573
2010-12-31,2,0.281,0.698
2010-12-31,3,0.207,0.216
2010-12-31,4,0.144,0.148
2010-12-31,5,0.241,0.295
2010-12-31,6,0.141,0.201
2010-12-31,7,0.128,0.177
2010-12-31,8,2.251,3.074
2010-12-31,9,0.247,1.119
2010-12-31,10,0.291,1.71
2010-12-31,11,0.298,0.724
2010-12-31,12,0.173,0.209
2010-12-31,13,0.287,0.369
2010-12-31,14,0.323,2.707
2010-12-31,15,0.613,1.498
2010-12-31,16,2.257,2.301
2010-12-31,17,1.789,1.884
2010-12-31,18,1.385,1.61
2010-12-31,19,0.429,1.59
2010-12-31,20,0.328,0.357
2010-12-31,21,1.71,4.15
2010-12-31,22,1.182,1.344
2010-12-31,23,1.167,2.234
2010-12-31,24,0.239,0.684
